100
20 34 21 33 22 32 24 32 27 31 29 29 30 26 30 22 29 17 29 13 28 10 26 8 23 7 19 7 15 8 12 10 10 13 9 16 9 20 10 25 12 30 15 34 18 37
20 34 21 33 22 32 24 32 27 31 29 29 30 26 30 22 29 17 29 13 28 10 26 8 23 7 19 7 15 8 12 10 10 13 9 16 9 20 10 25 12 30 15 34 19 37
20 34 21 33 22 32 24 32 27 31 29 29 30 26 30 22 29 17 29 13 28 10 26 8 23 7 19 7 15 8 12 10 10 13 9 16 9 20 10 25 12 30 15 34 18 38
20 34 21 33 22 32 24 32 27 31 29 29 30 26 30 22 29 17 29 13 28 10 26 8 23 7 19 7 15 8 12 10 10 13 9 16 9 20 10 25 12 30 15 34 19 38
20 34 21 33 22 32 24 32 27 31 29 29 30 26 30 22 29 17 29 13 28 10 26 8 23 7 19 7 15 8 12 10 10 13 9 17 9 21 10 26 12 30 15 33 18 35
20 34 21 33 22 32 24 32 27 31 29 29 30 26 30 22 29 17 29 13 28 10 26 8 23 7 19 7 15 8 12 10 10 13 9 17 9 21 10 26 12 30 15 33 19 35
20 34 21 33 22 32 24 32 27 31 29 29 30 26 30 22 29 17 29 13 28 10 26 8 23 7 19 7 15 8 12 10 10 13 9 17 9 21 10 26 12 30 15 33 18 36
20 34 21 33 22 32 24 32 27 31 29 29 30 26 30 22 29 17 29 13 28 10 26 8 23 7 19 7 15 8 12 10 10 13 9 17 9 21 10 26 12 30 15 33 19 36
20 34 21 33 22 32 24 32 27 31 29 29 30 26 30 22 29 17 29 13 28 10 26 8 23 7 19 7 15 8 12 10 10 13 9 17 9 21 10 26 12 30 15 33 18 37
20 34 21 33 22 32 24 32 27 31 29 29 30 26 30 22 29 17 29 13 28 10 26 8 23 7 19 7 15 8 12 10 10 13 9 17 9 21 10 26 12 30 15 33 19 37
20 34 21 33 22 32 24 32 27 31 29 29 30 26 30 22 29 17 29 13 28 10 26 8 23 7 19 7 15 8 12 10 10 13 9 17 9 21 10 26 12 31 15 35 18 38
20 34 21 33 22 32 24 32 27 31 29 29 30 26 30 22 29 17 29 13 28 10 26 8 23 7 19 7 15 8 12 10 10 13 9 17 9 21 10 26 12 31 15 35 19 38
20 34 21 33 22 32 24 32 27 31 29 29 30 26 30 22 29 17 29 13 28 10 26 8 23 7 19 7 15 8 12 10 10 13 9 17 9 22 10 27 12 31 15 34 18 36
20 34 21 33 22 32 24 32 27 31 29 29 30 26 30 22 29 17 29 13 28 10 26 8 23 7 19 7 15 8 12 10 10 13 9 17 9 22 10 27 12 31 15 34 19 36
20 34 21 33 22 32 24 32 27 31 29 29 30 26 30 22 29 17 29 13 28 10 26 8 23 7 19 7 15 8 12 10 10 13 9 17 9 22 10 27 12 31 15 34 18 37
20 34 21 33 22 32 24 32 27 31 29 29 30 26 30 22 29 17 29 13 28 10 26 8 23 7 19 7 15 8 12 10 10 13 9 17 9 22 10 27 12 31 15 34 19 37
20 34 21 33 22 32 24 32 27 31 29 29 30 26 30 22 29 17 29 13 28 10 26 8 23 7 19 7 15 8 12 10 10 13 9 17 9 22 10 27 12 31 15 34 18 38
20 34 21 33 22 32 24 32 27 31 29 29 30 26 30 22 29 17 29 13 28 10 26 8 23 7 19 7 15 8 12 10 10 13 9 17 9 22 10 27 12 31 15 34 19 38
20 34 21 33 22 32 24 32 27 31 29 29 30 26 31 22 31 17 30 13 28 10 25 8 21 7 17 7 14 8 11 9 9 11 8 14 8 18 9 23 11 29 14 34 18 38
20 34 21 33 22 32 24 32 27 31 29 29 30 26 31 22 31 17 30 13 28 10 25 8 21 7 17 7 14 8 11 10 9 12 8 15 8 19 9 24 11 29 14 33 18 36
20 34 21 33 22 32 24 32 27 31 29 29 30 26 31 22 31 17 30 13 28 10 25 8 21 7 17 7 14 8 11 10 9 12 8 15 8 19 9 24 11 29 14 33 18 37
20 34 21 33 22 32 24 32 27 31 29 29 30 26 31 22 31 17 30 13 28 10 25 8 21 7 17 7 14 8 11 10 9 12 8 15 8 19 9 24 11 29 14 33 18 38
20 34 21 33 22 32 24 32 27 31 29 29 30 26 31 22 31 17 30 13 28 10 25 8 21 7 17 7 14 8 11 10 9 13 8 16 8 20 9 25 11 29 14 32 18 34
20 34 21 33 22 32 24 32 27 31 29 29 30 26 31 22 31 17 30 13 28 10 25 8 21 7 17 7 14 8 11 10 9 13 8 16 8 20 9 25 11 29 14 32 18 35
20 34 21 33 22 32 24 32 27 31 29 29 30 26 31 22 31 17 30 13 28 10 25 8 21 7 17 7 14 8 11 10 9 13 8 16 8 20 9 25 11 29 14 32 18 36
20 34 21 33 22 32 24 32 27 31 29 29 30 26 31 22 31 17 30 13 28 10 25 8 21 7 17 7 14 8 11 10 9 13 8 16 8 20 9 25 11 30 14 34 18 37
20 34 21 33 22 32 24 32 27 31 29 29 30 26 31 22 31 17 30 13 28 10 25 8 21 7 17 7 14 8 11 10 9 13 8 16 8 20 9 25 11 30 14 34 18 38
20 34 21 33 22 32 24 32 27 31 29 29 30 26 31 22 31 17 30 13 28 10 25 8 21 7 17 7 14 8 11 10 9 13 8 17 8 21 9 26 11 30 14 33 18 35
20 34 21 33 22 32 24 32 27 31 29 29 30 26 31 22 31 17 30 13 28 10 25 8 21 7 17 7 14 8 11 10 9 13 8 17 8 21 9 26 11 30 14 33 18 36
20 34 21 33 22 32 24 32 27 31 29 29 30 26 31 22 31 17 30 13 28 10 25 8 21 7 17 7 14 8 11 10 9 13 8 17 8 21 9 26 11 30 14 33 18 37
20 34 21 33 22 32 24 32 27 31 29 29 30 26 31 22 31 17 30 13 28 10 25 8 21 7 17 7 14 8 11 10 9 13 8 17 8 21 9 26 11 31 14 35 18 38
20 34 21 33 22 32 24 32 27 31 29 29 30 26 31 22 31 17 30 13 28 10 25 8 21 7 17 7 14 8 11 10 9 13 8 17 8 22 9 27 11 31 14 34 18 36
20 34 21 33 22 32 24 32 27 31 29 29 30 26 31 22 31 17 30 13 28 10 25 8 21 7 17 7 14 8 11 10 9 13 8 17 8 22 9 27 11 31 14 34 18 37
20 34 21 33 22 32 24 32 27 31 29 29 30 26 31 22 31 17 30 13 28 10 25 8 21 7 17 7 14 8 11 10 9 13 8 17 8 22 9 27 11 31 14 34 18 38
20 34 21 33 23 33 25 32 28 30 30 27 31 23 31 18 30 14 28 10 25 7 21 5 16 4 12 4 9 5 7 7 6 10 6 14 7 19 9 25 12 30 16 34 19 37
20 34 21 33 23 33 25 32 28 30 30 27 31 23 31 18 30 14 28 10 25 7 21 5 16 4 12 4 9 5 7 7 6 10 6 14 7 19 9 25 12 30 16 34 20 37
20 34 21 33 23 33 25 32 28 30 30 27 31 23 31 18 30 14 28 10 25 7 21 5 16 4 12 4 9 5 7 7 6 10 6 14 7 19 9 25 12 30 16 34 21 37
20 34 21 33 23 33 25 32 28 30 30 27 31 23 31 18 30 14 28 10 25 7 21 5 16 4 12 4 9 5 7 7 6 10 6 14 7 19 9 25 12 30 16 34 19 38
20 34 21 33 23 33 25 32 28 30 30 27 31 23 31 18 30 14 28 10 25 7 21 5 16 4 12 4 9 5 7 7 6 10 6 14 7 19 9 25 12 30 16 34 20 38
20 34 21 33 23 33 25 32 28 30 30 27 31 23 31 18 30 14 28 10 25 7 21 5 16 4 12 4 9 5 7 7 6 10 6 14 7 19 9 25 12 30 16 34 21 38
20 34 21 33 23 33 25 32 28 30 30 27 31 23 31 18 30 14 29 11 27 9 24 8 20 8 16 8 13 9 11 11 9 14 8 18 8 23 9 27 11 30 14 32 18 33
20 34 21 33 23 33 25 32 28 30 30 27 31 23 31 18 30 14 29 11 27 9 24 8 20 8 16 8 13 9 11 11 9 14 8 18 8 23 9 27 11 30 14 32 18 34
20 34 21 33 23 33 25 32 28 30 30 27 31 23 31 18 30 14 29 11 27 9 24 8 20 8 16 8 13 9 11 11 9 14 8 18 8 23 9 27 11 30 14 32 18 35
20 34 21 33 23 33 25 32 28 30 30 27 31 23 31 18 30 14 29 11 27 9 24 8 20 8 16 8 13 9 11 11 9 14 8 18 8 23 9 28 11 32 14 35 18 37
20 34 21 33 23 33 25 32 28 30 30 27 31 23 31 18 30 14 29 11 27 9 24 8 20 8 16 8 13 9 11 11 9 14 8 18 8 23 9 28 11 32 14 35 18 38
20 34 21 33 23 33 25 32 28 30 30 27 31 23 31 18 30 14 29 11 27 9 24 8 20 8 16 8 13 9 11 11 10 14 9 18 9 23 10 27 12 30 15 32 18 33
20 34 21 33 23 33 25 32 28 30 30 27 31 23 31 18 30 14 29 11 27 9 24 8 20 8 16 8 13 9 11 11 10 14 9 18 9 23 10 27 12 30 15 32 19 33
20 34 21 33 23 33 25 32 28 30 30 27 31 23 31 18 30 14 29 11 27 9 24 8 20 8 16 8 13 9 11 11 10 14 9 18 9 23 10 27 12 30 15 32 18 34
20 34 21 33 23 33 25 32 28 30 30 27 31 23 31 18 30 14 29 11 27 9 24 8 20 8 16 8 13 9 11 11 10 14 9 18 9 23 10 27 12 30 15 32 19 34
20 34 21 33 23 33 25 32 28 30 30 27 31 23 31 18 30 14 29 11 27 9 24 8 20 8 16 8 13 9 11 11 10 14 9 18 9 23 10 27 12 30 15 32 18 35
20 34 21 33 23 33 25 32 28 30 30 27 31 23 31 18 30 14 29 11 27 9 24 8 20 8 16 8 13 9 11 11 10 14 9 18 9 23 10 27 12 30 15 32 19 35
20 34 21 33 23 33 25 32 28 30 30 27 31 23 31 18 30 14 29 11 27 9 24 8 20 8 16 8 13 9 11 11 10 14 9 18 9 23 10 28 12 32 15 35 18 37
20 34 21 33 23 33 25 32 28 30 30 27 31 23 31 18 30 14 29 11 27 9 24 8 20 8 16 8 13 9 11 11 10 14 9 18 9 23 10 28 12 32 15 35 19 37
20 34 21 33 23 33 25 32 28 30 30 27 31 23 31 18 30 14 29 11 27 9 24 8 20 8 16 8 13 9 11 11 10 14 9 18 9 23 10 28 12 32 15 35 18 38
20 34 21 33 23 33 25 32 28 30 30 27 31 23 31 18 30 14 29 11 27 9 24 8 20 8 16 8 13 9 11 11 10 14 9 18 9 23 10 28 12 32 15 35 19 38
20 34 21 33 23 33 25 32 28 30 30 27 31 23 31 18 30 14 29 11 27 9 24 8 20 8 16 8 13 9 11 11 10 14 10 18 10 23 11 28 13 32 15 35 18 37
20 34 21 33 23 33 25 32 28 30 30 27 31 23 31 18 30 14 29 11 27 9 24 8 20 8 16 8 13 9 11 11 10 14 10 18 10 23 11 28 13 32 15 35 18 38
20 34 21 33 23 33 25 32 28 30 30 27 31 23 31 18 30 14 29 11 27 9 24 8 20 8 16 8 13 9 11 11 10 14 10 18 10 23 11 28 13 32 16 35 18 37
20 34 21 33 23 33 25 32 28 30 30 27 31 23 31 18 30 14 29 11 27 9 24 8 20 8 16 8 13 9 11 11 10 14 10 18 10 23 11 28 13 32 16 35 19 37
20 34 21 33 23 33 25 32 28 30 30 27 31 23 31 18 30 14 29 11 27 9 24 8 20 8 16 8 13 9 11 11 10 14 10 18 10 23 11 28 13 32 16 35 20 37
20 34 21 33 23 33 25 32 28 30 30 27 31 23 31 18 30 14 29 11 27 9 24 8 20 8 16 8 13 9 11 11 10 14 10 18 10 23 11 28 13 32 16 35 18 38
20 34 21 33 23 33 25 32 28 30 30 27 31 23 31 18 30 14 29 11 27 9 24 8 20 8 16 8 13 9 11 11 10 14 10 18 10 23 11 28 13 32 16 35 19 38
20 34 21 33 23 33 25 32 28 30 30 27 31 23 31 18 30 14 29 11 27 9 24 8 20 8 16 8 13 9 11 11 10 14 10 18 10 23 11 28 13 32 16 35 20 38
20 34 21 33 22 32 24 32 27 31 29 29 30 26 30 22 29 17 29 13 28 10 26 8 23 7 19 7 15 8 12 10 10 12 9 15 8 19 8 24 9 28 11 31 14 33 18 34
20 34 21 33 22 32 24 32 27 31 29 29 30 26 30 22 29 17 29 13 28 10 26 8 23 7 19 7 15 8 12 10 10 12 9 15 8 19 8 24 9 28 11 31 14 33 18 35
20 34 21 33 22 32 24 32 27 31 29 29 30 26 30 22 29 17 29 13 28 10 26 8 23 7 19 7 15 8 12 10 10 12 9 15 8 19 8 24 9 28 11 31 14 33 18 36
20 34 21 33 22 32 24 32 27 31 29 29 30 26 30 22 29 17 29 13 28 10 26 8 23 7 19 7 15 8 12 10 10 12 9 15 8 19 8 24 9 29 11 33 14 36 18 38
20 34 21 33 22 32 24 32 27 31 29 29 30 26 30 22 29 17 29 13 28 10 26 8 23 7 19 7 15 8 12 10 10 12 9 15 9 19 9 24 10 28 12 31 15 33 18 34
20 34 21 33 22 32 24 32 27 31 29 29 30 26 30 22 29 17 29 13 28 10 26 8 23 7 19 7 15 8 12 10 10 12 9 15 9 19 9 24 10 28 12 31 15 33 19 34
20 34 21 33 22 32 24 32 27 31 29 29 30 26 30 22 29 17 29 13 28 10 26 8 23 7 19 7 15 8 12 10 10 12 9 15 9 19 9 24 10 28 12 31 15 33 18 35
20 34 21 33 22 32 24 32 27 31 29 29 30 26 30 22 29 17 29 13 28 10 26 8 23 7 19 7 15 8 12 10 10 12 9 15 9 19 9 24 10 28 12 31 15 33 19 35
20 34 21 33 22 32 24 32 27 31 29 29 30 26 30 22 29 17 29 13 28 10 26 8 23 7 19 7 15 8 12 10 10 12 9 15 9 19 9 24 10 28 12 31 15 33 18 36
20 34 21 33 22 32 24 32 27 31 29 29 30 26 30 22 29 17 29 13 28 10 26 8 23 7 19 7 15 8 12 10 10 12 9 15 9 19 9 24 10 28 12 31 15 33 19 36
20 34 21 33 22 32 24 32 27 31 29 29 30 26 30 22 29 17 29 13 28 10 26 8 23 7 19 7 15 8 12 10 10 12 9 15 9 19 9 24 10 29 12 33 15 36 18 38
20 34 21 33 22 32 24 32 27 31 29 29 30 26 30 22 29 17 29 13 28 10 26 8 23 7 19 7 15 8 12 10 10 12 9 15 9 19 9 24 10 29 12 33 15 36 19 38
20 34 21 33 22 32 24 32 27 31 29 29 30 26 30 22 29 17 29 13 28 10 26 8 23 7 19 7 15 8 12 10 10 12 9 15 9 19 10 24 11 29 13 33 15 36 18 38
20 34 21 33 22 32 24 32 27 31 29 29 30 26 30 22 29 17 29 13 28 10 26 8 23 7 19 7 15 8 12 10 10 12 9 15 9 19 10 24 11 29 13 33 16 36 18 38
20 34 21 33 22 32 24 32 27 31 29 29 30 26 30 22 29 17 29 13 28 10 26 8 23 7 19 7 15 8 12 10 10 12 9 15 9 19 10 24 11 29 13 33 16 36 19 38
20 34 21 33 22 32 24 32 27 31 29 29 30 26 30 22 29 17 29 13 28 10 26 8 23 7 19 7 15 8 12 10 10 12 9 15 9 19 10 24 11 29 13 33 16 36 20 38
20 34 21 33 22 32 24 32 27 31 29 29 30 26 30 22 29 17 29 13 28 10 26 8 23 7 19 7 15 8 12 10 10 13 9 16 8 20 8 25 9 29 11 32 14 34 18 35
20 34 21 33 22 32 24 32 27 31 29 29 30 26 30 22 29 17 29 13 28 10 26 8 23 7 19 7 15 8 12 10 10 13 9 16 8 20 8 25 9 29 11 32 14 34 18 36
20 34 21 33 22 32 24 32 27 31 29 29 30 26 30 22 29 17 29 13 28 10 26 8 23 7 19 7 15 8 12 10 10 13 9 16 8 20 8 25 9 29 11 32 14 34 18 37
20 34 21 33 22 32 24 32 27 31 29 29 30 26 30 22 29 17 29 13 28 10 26 8 23 7 19 7 15 8 12 10 10 13 9 16 9 20 9 25 10 29 12 32 15 34 18 35
20 34 21 33 22 32 24 32 27 31 29 29 30 26 30 22 29 17 29 13 28 10 26 8 23 7 19 7 15 8 12 10 10 13 9 16 9 20 9 25 10 29 12 32 15 34 19 35
20 34 21 33 22 32 24 32 27 31 29 29 30 26 30 22 29 17 29 13 28 10 26 8 23 7 19 7 15 8 12 10 10 13 9 16 9 20 9 25 10 29 12 32 15 34 18 36
20 34 21 33 22 32 24 32 27 31 29 29 30 26 30 22 29 17 29 13 28 10 26 8 23 7 19 7 15 8 12 10 10 13 9 16 9 20 9 25 10 29 12 32 15 34 19 36
20 34 21 33 22 32 24 32 27 31 29 29 30 26 30 22 29 17 29 13 28 10 26 8 23 7 19 7 15 8 12 10 10 13 9 16 9 20 9 25 10 29 12 32 15 34 18 37
20 34 21 33 22 32 24 32 27 31 29 29 30 26 30 22 29 17 29 13 28 10 26 8 23 7 19 7 15 8 12 10 10 13 9 16 9 20 9 25 10 29 12 32 15 34 19 37
20 34 21 33 22 32 24 32 27 31 29 29 30 26 30 22 29 17 29 13 28 10 26 8 23 7 19 7 15 8 12 10 10 13 9 16 9 20 10 25 11 29 13 32 15 34 18 35
20 34 21 33 22 32 24 32 27 31 29 29 30 26 30 22 29 17 29 13 28 10 26 8 23 7 19 7 15 8 12 10 10 13 9 16 9 20 10 25 11 29 13 32 15 34 18 36
20 34 21 33 22 32 24 32 27 31 29 29 30 26 30 22 29 17 29 13 28 10 26 8 23 7 19 7 15 8 12 10 10 13 9 16 9 20 10 25 11 29 13 32 15 34 18 37
20 34 21 33 22 32 24 32 27 31 29 29 30 26 30 22 29 17 29 13 28 10 26 8 23 7 19 7 15 8 12 10 10 13 9 16 9 20 10 25 11 29 13 32 16 34 18 35
20 34 21 33 22 32 24 32 27 31 29 29 30 26 30 22 29 17 29 13 28 10 26 8 23 7 19 7 15 8 12 10 10 13 9 16 9 20 10 25 11 29 13 32 16 34 19 35
20 34 21 33 22 32 24 32 27 31 29 29 30 26 30 22 29 17 29 13 28 10 26 8 23 7 19 7 15 8 12 10 10 13 9 16 9 20 10 25 11 29 13 32 16 34 20 35
20 34 21 33 22 32 24 32 27 31 29 29 30 26 30 22 29 17 29 13 28 10 26 8 23 7 19 7 15 8 12 10 10 13 9 16 9 20 10 25 11 29 13 32 16 34 18 36
20 34 21 33 22 32 24 32 27 31 29 29 30 26 30 22 29 17 29 13 28 10 26 8 23 7 19 7 15 8 12 10 10 13 9 16 9 20 10 25 11 29 13 32 16 34 19 36
20 34 21 33 22 32 24 32 27 31 29 29 30 26 30 22 29 17 29 13 28 10 26 8 23 7 19 7 15 8 12 10 10 13 9 16 9 20 10 25 11 29 13 32 16 34 20 36
20 34 21 33 22 32 24 32 27 31 29 29 30 26 30 22 29 17 29 13 28 10 26 8 23 7 19 7 15 8 12 10 10 13 9 16 9 20 10 25 11 29 13 32 16 34 18 37
20 34 21 33 22 32 24 32 27 31 29 29 30 26 30 22 29 17 29 13 28 10 26 8 23 7 19 7 15 8 12 10 10 13 9 16 9 20 10 25 11 29 13 32 16 34 19 37
20 34 21 33 22 32 24 32 27 31 29 29 30 26 30 22 29 17 29 13 28 10 26 8 23 7 19 7 15 8 12 10 10 13 9 16 9 20 10 25 11 29 13 32 16 34 20 37