100
20 36 21 37 23 37 26 36 29 34 32 31 34 27 35 22 35 17 34 12 32 8 29 5 25 3 20 2 15 2 11 3 8 5 6 8 5 12 5 17 5 22 6 27 8 31 11 34 14 36 18 37
20 36 21 37 23 37 26 36 29 34 32 31 34 27 35 22 35 17 34 12 32 8 29 5 25 3 20 2 15 2 11 3 8 5 6 8 5 12 5 17 5 22 6 27 8 31 11 34 14 36 18 38
20 36 21 37 23 37 26 36 29 34 32 31 34 27 35 22 35 17 34 12 32 8 29 5 25 3 20 2 15 2 11 3 8 5 6 8 5 12 5 17 5 22 6 27 8 31 11 34 15 36 18 37
20 36 21 37 23 37 26 36 29 34 32 31 34 27 35 22 35 17 34 12 32 8 29 5 25 3 20 2 15 2 11 3 8 5 6 8 5 12 5 17 5 22 6 27 8 31 11 34 15 36 19 37
20 36 21 37 23 37 26 36 29 34 32 31 34 27 35 22 35 17 34 12 32 8 29 5 25 3 20 2 15 2 11 3 8 5 6 8 5 12 5 17 5 22 6 27 8 31 11 34 15 36 20 37
20 36 21 37 23 37 26 36 29 34 32 31 34 27 35 22 35 17 34 12 32 8 29 5 25 3 20 2 15 2 11 3 8 5 6 8 5 12 5 17 5 22 6 27 8 31 11 34 15 36 18 38
20 36 21 37 23 37 26 36 29 34 32 31 34 27 35 22 35 17 34 12 32 8 29 5 25 3 20 2 15 2 11 3 8 5 6 8 5 12 5 17 5 22 6 27 8 31 11 34 15 36 19 38
20 36 21 37 23 37 26 36 29 34 32 31 34 27 35 22 35 17 34 12 32 8 29 5 25 3 20 2 15 2 11 3 8 5 6 8 5 12 5 17 5 22 6 27 8 31 11 34 15 36 20 38
20 36 21 37 23 37 26 36 29 34 32 31 34 27 35 22 35 17 34 12 32 8 29 5 25 3 20 2 15 2 11 3 8 5 6 8 5 12 5 17 5 23 6 28 8 32 11 35 14 37 18 38
20 36 21 37 23 37 26 36 29 34 32 31 34 27 35 22 35 17 34 12 32 8 29 5 25 3 20 2 15 2 11 3 8 5 6 8 5 12 5 17 5 23 6 28 8 32 11 35 15 37 18 38
20 36 21 37 23 37 26 36 29 34 32 31 34 27 35 22 35 17 34 12 32 8 29 5 25 3 20 2 15 2 11 3 8 5 6 8 5 12 5 17 5 23 6 28 8 32 11 35 15 37 19 38
20 36 21 37 23 37 26 36 29 34 32 31 34 27 35 22 35 17 34 12 32 8 29 5 25 3 20 2 15 2 11 3 8 5 6 8 5 12 5 17 5 23 6 28 8 32 11 35 15 37 20 38
20 36 21 35 23 35 26 35 29 34 32 32 34 29 35 25 35 20 35 15 34 11 32 8 29 6 25 5 20 5 15 5 11 6 8 8 6 11 5 15 5 20 5 25 6 29 8 32 11 34 14 35 18 35
20 36 21 35 23 35 26 35 29 34 32 32 34 29 35 25 35 20 35 15 34 11 32 8 29 6 25 5 20 5 15 5 11 6 8 8 6 11 5 15 5 20 5 25 6 29 8 32 11 34 14 35 18 36
20 36 21 35 23 35 26 35 29 34 32 32 34 29 35 25 35 20 35 15 34 11 32 8 29 6 25 5 20 5 15 5 11 6 8 8 6 11 5 15 5 20 5 25 6 29 8 32 11 34 14 35 18 37
20 36 21 35 23 35 26 35 29 34 32 32 34 29 35 25 35 20 35 15 34 11 32 8 29 6 25 5 20 5 15 5 11 6 8 8 6 11 5 15 5 20 5 25 6 29 8 32 11 34 15 35 18 35
20 36 21 35 23 35 26 35 29 34 32 32 34 29 35 25 35 20 35 15 34 11 32 8 29 6 25 5 20 5 15 5 11 6 8 8 6 11 5 15 5 20 5 25 6 29 8 32 11 34 15 35 19 35
20 36 21 35 23 35 26 35 29 34 32 32 34 29 35 25 35 20 35 15 34 11 32 8 29 6 25 5 20 5 15 5 11 6 8 8 6 11 5 15 5 20 5 25 6 29 8 32 11 34 15 35 20 35
20 36 21 35 23 35 26 35 29 34 32 32 34 29 35 25 35 20 35 15 34 11 32 8 29 6 25 5 20 5 15 5 11 6 8 8 6 11 5 15 5 20 5 25 6 29 8 32 11 34 15 35 18 36
20 36 21 35 23 35 26 35 29 34 32 32 34 29 35 25 35 20 35 15 34 11 32 8 29 6 25 5 20 5 15 5 11 6 8 8 6 11 5 15 5 20 5 25 6 29 8 32 11 34 15 35 19 36
20 36 21 35 23 35 26 35 29 34 32 32 34 29 35 25 35 20 35 15 34 11 32 8 29 6 25 5 20 5 15 5 11 6 8 8 6 11 5 15 5 20 5 25 6 29 8 32 11 34 15 35 20 36
20 36 21 35 23 35 26 35 29 34 32 32 34 29 35 25 35 20 35 15 34 11 32 8 29 6 25 5 20 5 15 5 11 6 8 8 6 11 5 15 5 20 5 25 6 29 8 32 11 34 15 35 18 37
20 36 21 35 23 35 26 35 29 34 32 32 34 29 35 25 35 20 35 15 34 11 32 8 29 6 25 5 20 5 15 5 11 6 8 8 6 11 5 15 5 20 5 25 6 29 8 32 11 34 15 35 19 37
20 36 21 35 23 35 26 35 29 34 32 32 34 29 35 25 35 20 35 15 34 11 32 8 29 6 25 5 20 5 15 5 11 6 8 8 6 11 5 15 5 20 5 25 6 29 8 32 11 34 15 35 20 37
20 36 21 37 23 37 26 36 29 34 32 31 34 27 35 22 35 17 34 12 32 8 29 5 25 3 20 2 15 2 11 3 8 5 6 8 5 12 5 16 5 21 5 26 6 30 8 33 11 35 14 36 18 36
20 36 21 37 23 37 26 36 29 34 32 31 34 27 35 22 35 17 34 12 32 8 29 5 25 3 20 2 15 2 11 3 8 5 6 8 5 12 5 16 5 21 5 26 6 30 8 33 11 35 14 36 18 37
20 36 21 37 23 37 26 36 29 34 32 31 34 27 35 22 35 17 34 12 32 8 29 5 25 3 20 2 15 2 11 3 8 5 6 8 5 12 5 16 5 21 5 26 6 30 8 33 11 35 14 36 18 38
20 36 21 37 23 37 26 36 29 34 32 31 34 27 35 22 35 17 34 12 32 8 29 5 25 3 20 2 15 2 11 3 8 5 6 8 5 12 5 16 5 21 5 26 6 30 8 33 11 35 15 36 18 36
20 36 21 37 23 37 26 36 29 34 32 31 34 27 35 22 35 17 34 12 32 8 29 5 25 3 20 2 15 2 11 3 8 5 6 8 5 12 5 16 5 21 5 26 6 30 8 33 11 35 15 36 19 36
20 36 21 37 23 37 26 36 29 34 32 31 34 27 35 22 35 17 34 12 32 8 29 5 25 3 20 2 15 2 11 3 8 5 6 8 5 12 5 16 5 21 5 26 6 30 8 33 11 35 15 36 20 36
20 36 21 37 23 37 26 36 29 34 32 31 34 27 35 22 35 17 34 12 32 8 29 5 25 3 20 2 15 2 11 3 8 5 6 8 5 12 5 16 5 21 5 26 6 30 8 33 11 35 15 36 18 37
20 36 21 37 23 37 26 36 29 34 32 31 34 27 35 22 35 17 34 12 32 8 29 5 25 3 20 2 15 2 11 3 8 5 6 8 5 12 5 16 5 21 5 26 6 30 8 33 11 35 15 36 19 37
20 36 21 37 23 37 26 36 29 34 32 31 34 27 35 22 35 17 34 12 32 8 29 5 25 3 20 2 15 2 11 3 8 5 6 8 5 12 5 16 5 21 5 26 6 30 8 33 11 35 15 36 20 37
20 36 21 37 23 37 26 36 29 34 32 31 34 27 35 22 35 17 34 12 32 8 29 5 25 3 20 2 15 2 11 3 8 5 6 8 5 12 5 16 5 21 5 26 6 30 8 33 11 35 15 36 18 38
20 36 21 37 23 37 26 36 29 34 32 31 34 27 35 22 35 17 34 12 32 8 29 5 25 3 20 2 15 2 11 3 8 5 6 8 5 12 5 16 5 21 5 26 6 30 8 33 11 35 15 36 19 38
20 36 21 37 23 37 26 36 29 34 32 31 34 27 35 22 35 17 34 12 32 8 29 5 25 3 20 2 15 2 11 3 8 5 6 8 5 12 5 16 5 21 5 26 6 30 8 33 11 35 15 36 20 38
20 36 21 37 23 37 26 36 29 34 32 31 34 27 35 22 35 17 34 12 32 8 29 5 25 3 20 2 15 2 11 3 8 5 6 8 5 12 5 16 5 21 6 26 7 30 9 33 12 35 15 36 18 36
20 36 21 37 23 37 26 36 29 34 32 31 34 27 35 22 35 17 34 12 32 8 29 5 25 3 20 2 15 2 11 3 8 5 6 8 5 12 5 16 5 21 6 26 7 30 9 33 12 35 15 36 19 36
20 36 21 37 23 37 26 36 29 34 32 31 34 27 35 22 35 17 34 12 32 8 29 5 25 3 20 2 15 2 11 3 8 5 6 8 5 12 5 16 5 21 6 26 7 30 9 33 12 35 15 36 18 37
20 36 21 37 23 37 26 36 29 34 32 31 34 27 35 22 35 17 34 12 32 8 29 5 25 3 20 2 15 2 11 3 8 5 6 8 5 12 5 16 5 21 6 26 7 30 9 33 12 35 15 36 19 37
20 36 21 37 23 37 26 36 29 34 32 31 34 27 35 22 35 17 34 12 32 8 29 5 25 3 20 2 15 2 11 3 8 5 6 8 5 12 5 16 5 21 6 26 7 30 9 33 12 35 15 36 18 38
20 36 21 37 23 37 26 36 29 34 32 31 34 27 35 22 35 17 34 12 32 8 29 5 25 3 20 2 15 2 11 3 8 5 6 8 5 12 5 16 5 21 6 26 7 30 9 33 12 35 15 36 19 38
20 36 21 37 23 37 26 36 29 34 32 31 34 27 35 22 35 17 34 12 32 8 29 5 25 3 20 2 15 2 11 3 8 5 6 8 5 12 5 16 5 21 6 26 7 30 9 33 12 35 16 36 19 36
20 36 21 37 23 37 26 36 29 34 32 31 34 27 35 22 35 17 34 12 32 8 29 5 25 3 20 2 15 2 11 3 8 5 6 8 5 12 5 16 5 21 6 26 7 30 9 33 12 35 16 36 20 36
20 36 21 37 23 37 26 36 29 34 32 31 34 27 35 22 35 17 34 12 32 8 29 5 25 3 20 2 15 2 11 3 8 5 6 8 5 12 5 16 5 21 6 26 7 30 9 33 12 35 16 36 21 36
20 36 21 37 23 37 26 36 29 34 32 31 34 27 35 22 35 17 34 12 32 8 29 5 25 3 20 2 15 2 11 3 8 5 6 8 5 12 5 16 5 21 6 26 7 30 9 33 12 35 16 36 19 37
20 36 21 37 23 37 26 36 29 34 32 31 34 27 35 22 35 17 34 12 32 8 29 5 25 3 20 2 15 2 11 3 8 5 6 8 5 12 5 16 5 21 6 26 7 30 9 33 12 35 16 36 20 37
20 36 21 37 23 37 26 36 29 34 32 31 34 27 35 22 35 17 34 12 32 8 29 5 25 3 20 2 15 2 11 3 8 5 6 8 5 12 5 16 5 21 6 26 7 30 9 33 12 35 16 36 21 37
20 36 21 37 23 37 26 36 29 34 32 31 34 27 35 22 35 17 34 12 32 8 29 5 25 3 20 2 15 2 11 3 8 5 6 8 5 12 5 16 5 21 6 26 7 30 9 33 12 35 16 36 19 38
20 36 21 37 23 37 26 36 29 34 32 31 34 27 35 22 35 17 34 12 32 8 29 5 25 3 20 2 15 2 11 3 8 5 6 8 5 12 5 16 5 21 6 26 7 30 9 33 12 35 16 36 20 38
20 36 21 37 23 37 26 36 29 34 32 31 34 27 35 22 35 17 34 12 32 8 29 5 25 3 20 2 15 2 11 3 8 5 6 8 5 12 5 16 5 21 6 26 7 30 9 33 12 35 16 36 21 38
20 36 21 37 23 37 26 36 29 34 32 31 34 27 35 22 35 17 34 12 32 8 29 5 25 3 20 2 15 2 11 3 8 5 6 8 5 12 5 16 5 21 6 26 7 30 9 33 12 35 15 37 18 38
20 36 21 37 23 37 26 36 29 34 32 31 34 27 35 22 35 17 34 12 32 8 29 5 25 3 20 2 15 2 11 3 8 5 6 8 5 12 5 16 5 21 6 26 7 30 9 33 12 35 15 37 19 38
20 36 21 37 23 37 26 36 29 34 32 31 34 27 35 22 35 17 34 12 32 8 29 5 25 3 20 2 15 2 11 3 8 5 6 8 5 12 5 16 5 21 6 26 7 30 9 33 12 35 16 37 19 38
20 36 21 37 23 37 26 36 29 34 32 31 34 27 35 22 35 17 34 12 32 8 29 5 25 3 20 2 15 2 11 3 8 5 6 8 5 12 5 16 5 21 6 26 7 30 9 33 12 35 16 37 20 38
20 36 21 37 23 37 26 36 29 34 32 31 34 27 35 22 35 17 34 12 32 8 29 5 25 3 20 2 15 2 11 3 8 5 6 8 5 12 5 16 5 21 6 26 7 30 9 33 12 35 16 37 21 38
20 36 21 37 23 37 26 36 29 34 32 31 34 27 35 22 35 17 34 12 32 8 29 5 25 3 20 2 15 2 11 3 8 5 6 8 5 12 5 17 5 22 5 27 6 31 8 34 11 36 14 37 18 37
20 36 21 37 23 37 26 36 29 34 32 31 34 27 35 22 35 17 34 12 32 8 29 5 25 3 20 2 15 2 11 3 8 5 6 8 5 12 5 17 5 22 5 27 6 31 8 34 11 36 14 37 18 38
20 36 21 37 23 37 26 36 29 34 32 31 34 27 35 22 35 17 34 12 32 8 29 5 25 3 20 2 15 2 11 3 8 5 6 8 5 12 5 17 5 22 5 27 6 31 8 34 11 36 15 37 18 37
20 36 21 37 23 37 26 36 29 34 32 31 34 27 35 22 35 17 34 12 32 8 29 5 25 3 20 2 15 2 11 3 8 5 6 8 5 12 5 17 5 22 5 27 6 31 8 34 11 36 15 37 19 37
20 36 21 37 23 37 26 36 29 34 32 31 34 27 35 22 35 17 34 12 32 8 29 5 25 3 20 2 15 2 11 3 8 5 6 8 5 12 5 17 5 22 5 27 6 31 8 34 11 36 15 37 20 37
20 36 21 37 23 37 26 36 29 34 32 31 34 27 35 22 35 17 34 12 32 8 29 5 25 3 20 2 15 2 11 3 8 5 6 8 5 12 5 17 5 22 5 27 6 31 8 34 11 36 15 37 18 38
20 36 21 37 23 37 26 36 29 34 32 31 34 27 35 22 35 17 34 12 32 8 29 5 25 3 20 2 15 2 11 3 8 5 6 8 5 12 5 17 5 22 5 27 6 31 8 34 11 36 15 37 19 38
20 36 21 37 23 37 26 36 29 34 32 31 34 27 35 22 35 17 34 12 32 8 29 5 25 3 20 2 15 2 11 3 8 5 6 8 5 12 5 17 5 22 5 27 6 31 8 34 11 36 15 37 20 38
20 36 21 37 23 37 26 36 29 34 32 31 34 27 35 22 35 17 34 12 32 8 29 5 25 3 20 2 15 2 11 3 8 5 6 8 5 12 5 17 5 22 6 27 7 31 9 34 12 36 15 37 18 37
20 36 21 37 23 37 26 36 29 34 32 31 34 27 35 22 35 17 34 12 32 8 29 5 25 3 20 2 15 2 11 3 8 5 6 8 5 12 5 17 5 22 6 27 7 31 9 34 12 36 15 37 19 37
20 36 21 37 23 37 26 36 29 34 32 31 34 27 35 22 35 17 34 12 32 8 29 5 25 3 20 2 15 2 11 3 8 5 6 8 5 12 5 17 5 22 6 27 7 31 9 34 12 36 15 37 18 38
20 36 21 37 23 37 26 36 29 34 32 31 34 27 35 22 35 17 34 12 32 8 29 5 25 3 20 2 15 2 11 3 8 5 6 8 5 12 5 17 5 22 6 27 7 31 9 34 12 36 15 37 19 38
20 36 21 37 23 37 26 36 29 34 32 31 34 27 35 22 35 17 34 12 32 8 29 5 25 3 20 2 15 2 11 3 8 5 6 8 5 12 5 17 5 22 6 27 7 31 9 34 12 36 16 37 19 37
20 36 21 37 23 37 26 36 29 34 32 31 34 27 35 22 35 17 34 12 32 8 29 5 25 3 20 2 15 2 11 3 8 5 6 8 5 12 5 17 5 22 6 27 7 31 9 34 12 36 16 37 20 37
20 36 21 37 23 37 26 36 29 34 32 31 34 27 35 22 35 17 34 12 32 8 29 5 25 3 20 2 15 2 11 3 8 5 6 8 5 12 5 17 5 22 6 27 7 31 9 34 12 36 16 37 21 37
20 36 21 37 23 37 26 36 29 34 32 31 34 27 35 22 35 17 34 12 32 8 29 5 25 3 20 2 15 2 11 3 8 5 6 8 5 12 5 17 5 22 6 27 7 31 9 34 12 36 16 37 19 38
20 36 21 37 23 37 26 36 29 34 32 31 34 27 35 22 35 17 34 12 32 8 29 5 25 3 20 2 15 2 11 3 8 5 6 8 5 12 5 17 5 22 6 27 7 31 9 34 12 36 16 37 20 38
20 36 21 37 23 37 26 36 29 34 32 31 34 27 35 22 35 17 34 12 32 8 29 5 25 3 20 2 15 2 11 3 8 5 6 8 5 12 5 17 5 22 6 27 7 31 9 34 12 36 16 37 21 38
20 36 21 37 23 37 26 36 29 34 32 31 34 27 35 22 35 17 34 12 32 8 29 5 25 3 20 2 15 2 11 3 8 5 6 8 5 12 5 17 5 22 6 27 8 31 10 34 13 36 15 37 18 37
20 36 21 37 23 37 26 36 29 34 32 31 34 27 35 22 35 17 34 12 32 8 29 5 25 3 20 2 15 2 11 3 8 5 6 8 5 12 5 17 5 22 6 27 8 31 10 34 13 36 15 37 18 38
20 36 21 37 23 37 26 36 29 34 32 31 34 27 35 22 35 17 34 12 32 8 29 5 25 3 20 2 15 2 11 3 8 5 6 8 5 12 5 17 5 22 6 27 8 31 10 34 13 36 16 37 18 37
20 36 21 37 23 37 26 36 29 34 32 31 34 27 35 22 35 17 34 12 32 8 29 5 25 3 20 2 15 2 11 3 8 5 6 8 5 12 5 17 5 22 6 27 8 31 10 34 13 36 16 37 19 37
20 36 21 37 23 37 26 36 29 34 32 31 34 27 35 22 35 17 34 12 32 8 29 5 25 3 20 2 15 2 11 3 8 5 6 8 5 12 5 17 5 22 6 27 8 31 10 34 13 36 16 37 20 37
20 36 21 37 23 37 26 36 29 34 32 31 34 27 35 22 35 17 34 12 32 8 29 5 25 3 20 2 15 2 11 3 8 5 6 8 5 12 5 17 5 22 6 27 8 31 10 34 13 36 16 37 18 38
20 36 21 37 23 37 26 36 29 34 32 31 34 27 35 22 35 17 34 12 32 8 29 5 25 3 20 2 15 2 11 3 8 5 6 8 5 12 5 17 5 22 6 27 8 31 10 34 13 36 16 37 19 38
20 36 21 37 23 37 26 36 29 34 32 31 34 27 35 22 35 17 34 12 32 8 29 5 25 3 20 2 15 2 11 3 8 5 6 8 5 12 5 17 5 22 6 27 8 31 10 34 13 36 16 37 20 38
20 36 21 37 23 37 26 36 29 34 32 31 34 27 35 22 35 17 34 12 32 8 29 5 25 3 20 2 15 2 11 3 8 5 6 8 5 12 5 17 5 22 6 27 8 31 10 34 13 36 17 37 20 37
20 36 21 37 23 37 26 36 29 34 32 31 34 27 35 22 35 17 34 12 32 8 29 5 25 3 20 2 15 2 11 3 8 5 6 8 5 12 5 17 5 22 6 27 8 31 10 34 13 36 17 37 21 37
20 36 21 37 23 37 26 36 29 34 32 31 34 27 35 22 35 17 34 12 32 8 29 5 25 3 20 2 15 2 11 3 8 5 6 8 5 12 5 17 5 22 6 27 8 31 10 34 13 36 17 37 22 37
20 36 21 37 23 37 26 36 29 34 32 31 34 27 35 22 35 17 34 12 32 8 29 5 25 3 20 2 15 2 11 3 8 5 6 8 5 12 5 17 5 22 6 27 8 31 10 34 13 36 17 37 20 38
20 36 21 37 23 37 26 36 29 34 32 31 34 27 35 22 35 17 34 12 32 8 29 5 25 3 20 2 15 2 11 3 8 5 6 8 5 12 5 17 5 22 6 27 8 31 10 34 13 36 17 37 21 38
20 36 21 37 23 37 26 36 29 34 32 31 34 27 35 22 35 17 34 12 32 8 29 5 25 3 20 2 15 2 11 3 8 5 6 8 5 12 5 17 5 22 6 27 8 31 10 34 13 36 17 37 22 38
20 36 21 37 23 37 26 36 29 34 32 31 34 27 35 22 35 17 34 12 32 8 29 5 25 3 20 2 15 2 11 3 8 5 6 8 5 12 5 17 5 22 6 27 8 31 11 34 14 36 16 37 18 37
20 36 21 37 23 37 26 36 29 34 32 31 34 27 35 22 35 17 34 12 32 8 29 5 25 3 20 2 15 2 11 3 8 5 6 8 5 12 5 17 5 22 6 27 8 31 11 34 14 36 16 37 19 37
20 36 21 37 23 37 26 36 29 34 32 31 34 27 35 22 35 17 34 12 32 8 29 5 25 3 20 2 15 2 11 3 8 5 6 8 5 12 5 17 5 22 6 27 8 31 11 34 14 36 16 37 18 38
20 36 21 37 23 37 26 36 29 34 32 31 34 27 35 22 35 17 34 12 32 8 29 5 25 3 20 2 15 2 11 3 8 5 6 8 5 12 5 17 5 22 6 27 8 31 11 34 14 36 16 37 19 38
20 36 21 37 23 37 26 36 29 34 32 31 34 27 35 22 35 17 34 12 32 8 29 5 25 3 20 2 15 2 11 3 8 5 6 8 5 12 5 17 5 22 6 27 8 31 11 34 14 36 17 37 19 37
20 36 21 37 23 37 26 36 29 34 32 31 34 27 35 22 35 17 34 12 32 8 29 5 25 3 20 2 15 2 11 3 8 5 6 8 5 12 5 17 5 22 6 27 8 31 11 34 14 36 17 37 20 37
20 36 21 37 23 37 26 36 29 34 32 31 34 27 35 22 35 17 34 12 32 8 29 5 25 3 20 2 15 2 11 3 8 5 6 8 5 12 5 17 5 22 6 27 8 31 11 34 14 36 17 37 21 37
20 36 21 37 23 37 26 36 29 34 32 31 34 27 35 22 35 17 34 12 32 8 29 5 25 3 20 2 15 2 11 3 8 5 6 8 5 12 5 17 5 22 6 27 8 31 11 34 14 36 17 37 19 38
20 36 21 37 23 37 26 36 29 34 32 31 34 27 35 22 35 17 34 12 32 8 29 5 25 3 20 2 15 2 11 3 8 5 6 8 5 12 5 17 5 22 6 27 8 31 11 34 14 36 17 37 20 38
20 36 21 37 23 37 26 36 29 34 32 31 34 27 35 22 35 17 34 12 32 8 29 5 25 3 20 2 15 2 11 3 8 5 6 8 5 12 5 17 5 22 6 27 8 31 11 34 14 36 17 37 21 38
20 36 21 37 23 37 26 36 29 34 32 31 34 27 35 22 35 17 34 12 32 8 29 5 25 3 20 2 15 2 11 3 8 5 6 8 5 12 5 17 5 23 5 28 6 32 8 35 11 37 14 38 18 38
20 36 21 37 23 37 26 36 29 34 32 31 34 27 35 22 35 17 34 12 32 8 29 5 25 3 20 2 15 2 11 3 8 5 6 8 5 12 5 17 5 23 5 28 6 32 8 35 11 37 15 38 18 38