100
20 36 21 36 23 37 26 37 29 36 32 34 34 31 35 27 35 22 35 17 35 12 34 8 32 5 29 3 25 2 20 2 15 2 11 3 8 5 6 8 5 12 4 17 4 22 4 27 5 31 7 34 10 36 14 37 18 37
20 36 21 36 23 37 26 37 29 36 32 34 34 31 35 27 35 22 35 17 35 12 34 8 32 5 29 3 25 2 20 2 15 2 11 3 8 5 6 8 5 12 4 17 4 22 4 27 5 31 7 34 10 36 14 37 19 37
20 36 21 36 23 37 26 37 29 36 32 34 34 31 35 27 35 22 35 17 35 12 34 8 32 5 29 3 25 2 20 2 15 2 11 3 8 5 6 8 5 12 4 17 4 22 4 27 5 31 7 34 10 36 14 37 18 38
20 36 21 36 23 37 26 37 29 36 32 34 34 31 35 27 35 22 35 17 35 12 34 8 32 5 29 3 25 2 20 2 15 2 11 3 8 5 6 8 5 12 4 17 4 22 4 27 5 31 7 34 10 36 14 37 19 38
20 36 21 36 23 37 26 37 29 36 32 34 34 31 35 27 35 22 35 17 35 12 34 8 32 5 29 3 25 2 20 2 15 2 11 3 8 5 6 8 5 12 4 17 4 22 5 27 6 31 8 34 11 36 14 37 18 37
20 36 21 36 23 37 26 37 29 36 32 34 34 31 35 27 35 22 35 17 35 12 34 8 32 5 29 3 25 2 20 2 15 2 11 3 8 5 6 8 5 12 4 17 4 22 5 27 6 31 8 34 11 36 14 37 18 38
20 36 21 36 23 37 26 37 29 36 32 34 34 31 35 27 35 22 35 17 35 12 34 8 32 5 29 3 25 2 20 2 15 2 11 3 8 5 6 8 5 12 4 17 4 22 5 27 6 31 8 34 11 36 15 37 18 37
20 36 21 36 23 37 26 37 29 36 32 34 34 31 35 27 35 22 35 17 35 12 34 8 32 5 29 3 25 2 20 2 15 2 11 3 8 5 6 8 5 12 4 17 4 22 5 27 6 31 8 34 11 36 15 37 19 37
20 36 21 36 23 37 26 37 29 36 32 34 34 31 35 27 35 22 35 17 35 12 34 8 32 5 29 3 25 2 20 2 15 2 11 3 8 5 6 8 5 12 4 17 4 22 5 27 6 31 8 34 11 36 15 37 20 37
20 36 21 36 23 37 26 37 29 36 32 34 34 31 35 27 35 22 35 17 35 12 34 8 32 5 29 3 25 2 20 2 15 2 11 3 8 5 6 8 5 12 4 17 4 22 5 27 6 31 8 34 11 36 15 37 18 38
20 36 21 36 23 37 26 37 29 36 32 34 34 31 35 27 35 22 35 17 35 12 34 8 32 5 29 3 25 2 20 2 15 2 11 3 8 5 6 8 5 12 4 17 4 22 5 27 6 31 8 34 11 36 15 37 19 38
20 36 21 36 23 37 26 37 29 36 32 34 34 31 35 27 35 22 35 17 35 12 34 8 32 5 29 3 25 2 20 2 15 2 11 3 8 5 6 8 5 12 4 17 4 22 5 27 6 31 8 34 11 36 15 37 20 38
20 36 21 36 23 37 26 37 29 36 32 34 34 31 35 27 35 22 35 17 35 12 34 8 32 5 29 3 25 2 20 2 15 2 11 3 8 5 6 8 5 12 4 17 4 23 4 28 5 32 7 35 10 37 14 38 18 38
20 36 21 36 23 37 26 37 29 36 32 34 34 31 35 27 35 22 35 17 35 12 34 8 32 5 29 3 25 2 20 2 15 2 11 3 8 5 6 8 5 12 4 17 4 23 4 28 5 32 7 35 10 37 14 38 19 38
20 36 21 36 23 37 26 37 29 36 32 34 34 31 35 27 35 22 35 17 35 12 34 8 32 5 29 3 25 2 20 2 15 2 11 3 8 5 6 8 5 12 4 17 4 23 5 28 6 32 8 35 11 37 14 38 18 38
20 36 21 36 23 37 26 37 29 36 32 34 34 31 35 27 35 22 35 17 35 12 34 8 32 5 29 3 25 2 20 2 15 2 11 3 8 5 6 8 5 12 4 17 4 23 5 28 6 32 8 35 11 37 15 38 18 38
20 36 21 36 23 37 26 37 29 36 32 34 34 31 35 27 35 22 35 17 35 12 34 8 32 5 29 3 25 2 20 2 15 2 11 3 8 5 6 8 5 12 4 17 4 23 5 28 6 32 8 35 11 37 15 38 19 38
20 36 21 36 23 37 26 37 29 36 32 34 34 31 35 27 35 22 35 17 35 12 34 8 32 5 29 3 25 2 20 2 15 2 11 3 8 5 6 8 5 12 4 17 4 23 5 28 6 32 8 35 11 37 15 38 20 38
20 36 21 36 23 37 26 37 29 36 32 34 34 31 35 27 35 22 35 17 35 12 34 8 32 5 29 3 25 2 20 2 15 2 11 3 8 5 6 8 5 11 4 15 4 20 4 25 4 29 5 32 7 34 10 35 14 35 18 34
20 36 21 36 23 37 26 37 29 36 32 34 34 31 35 27 35 22 35 17 35 12 34 8 32 5 29 3 25 2 20 2 15 2 11 3 8 5 6 8 5 11 4 15 4 20 4 25 4 29 5 32 7 34 10 35 14 35 19 34
20 36 21 36 23 37 26 37 29 36 32 34 34 31 35 27 35 22 35 17 35 12 34 8 32 5 29 3 25 2 20 2 15 2 11 3 8 5 6 8 5 11 4 15 4 20 4 25 4 29 5 32 7 34 10 35 14 35 18 35
20 36 21 36 23 37 26 37 29 36 32 34 34 31 35 27 35 22 35 17 35 12 34 8 32 5 29 3 25 2 20 2 15 2 11 3 8 5 6 8 5 11 4 15 4 20 4 25 4 29 5 32 7 34 10 35 14 35 19 35
20 36 21 36 23 37 26 37 29 36 32 34 34 31 35 27 35 22 35 17 35 12 34 8 32 5 29 3 25 2 20 2 15 2 11 3 8 5 6 8 5 11 4 15 4 20 4 25 4 29 5 32 7 34 10 35 14 35 18 36
20 36 21 36 23 37 26 37 29 36 32 34 34 31 35 27 35 22 35 17 35 12 34 8 32 5 29 3 25 2 20 2 15 2 11 3 8 5 6 8 5 11 4 15 4 20 4 25 4 29 5 32 7 34 10 35 14 35 19 36
20 36 21 36 23 37 26 37 29 36 32 34 34 31 35 27 35 22 35 17 35 12 34 8 32 5 29 3 25 2 20 2 15 2 11 3 8 5 6 8 5 11 4 15 4 20 4 25 4 29 5 32 7 34 10 35 14 36 18 36
20 36 21 36 23 37 26 37 29 36 32 34 34 31 35 27 35 22 35 17 35 12 34 8 32 5 29 3 25 2 20 2 15 2 11 3 8 5 6 8 5 11 4 15 4 20 4 25 4 29 5 32 7 34 10 35 14 36 19 36
20 36 21 36 23 37 26 37 29 36 32 34 34 31 35 27 35 22 35 17 35 12 34 8 32 5 29 3 25 2 20 2 15 2 11 3 8 5 6 8 5 11 4 15 4 20 4 25 4 29 5 32 7 34 10 35 14 36 18 37
20 36 21 36 23 37 26 37 29 36 32 34 34 31 35 27 35 22 35 17 35 12 34 8 32 5 29 3 25 2 20 2 15 2 11 3 8 5 6 8 5 11 4 15 4 20 4 25 4 29 5 32 7 34 10 35 14 36 19 37
20 36 21 36 23 37 26 37 29 36 32 34 34 31 35 27 35 22 35 17 35 12 34 8 32 5 29 3 25 2 20 2 15 2 11 3 8 5 6 8 5 11 4 15 4 20 4 25 4 29 5 32 7 34 10 35 14 36 18 38
20 36 21 36 23 37 26 37 29 36 32 34 34 31 35 27 35 22 35 17 35 12 34 8 32 5 29 3 25 2 20 2 15 2 11 3 8 5 6 8 5 11 4 15 4 20 4 25 4 29 5 32 7 34 10 35 14 36 19 38
20 36 21 36 23 37 26 37 29 36 32 34 34 31 35 27 35 22 35 17 35 12 34 8 32 5 29 3 25 2 20 2 15 2 11 3 8 5 6 8 5 11 4 15 4 20 4 25 4 29 5 32 7 34 10 35 14 37 18 38
20 36 21 36 23 37 26 37 29 36 32 34 34 31 35 27 35 22 35 17 35 12 34 8 32 5 29 3 25 2 20 2 15 2 11 3 8 5 6 8 5 11 4 15 4 20 4 25 4 29 5 32 7 34 10 35 14 37 19 38
20 36 21 36 23 37 26 37 29 36 32 34 34 31 35 27 35 22 35 17 35 12 34 8 32 5 29 3 25 2 20 2 15 2 11 3 8 5 6 8 5 11 4 15 4 20 4 25 5 29 6 32 8 34 11 35 14 35 18 34
20 36 21 36 23 37 26 37 29 36 32 34 34 31 35 27 35 22 35 17 35 12 34 8 32 5 29 3 25 2 20 2 15 2 11 3 8 5 6 8 5 11 4 15 4 20 4 25 5 29 6 32 8 34 11 35 14 35 18 35
20 36 21 36 23 37 26 37 29 36 32 34 34 31 35 27 35 22 35 17 35 12 34 8 32 5 29 3 25 2 20 2 15 2 11 3 8 5 6 8 5 11 4 15 4 20 4 25 5 29 6 32 8 34 11 35 14 35 18 36
20 36 21 36 23 37 26 37 29 36 32 34 34 31 35 27 35 22 35 17 35 12 34 8 32 5 29 3 25 2 20 2 15 2 11 3 8 5 6 8 5 11 4 15 4 20 4 25 5 29 6 32 8 34 11 35 15 35 18 34
20 36 21 36 23 37 26 37 29 36 32 34 34 31 35 27 35 22 35 17 35 12 34 8 32 5 29 3 25 2 20 2 15 2 11 3 8 5 6 8 5 11 4 15 4 20 4 25 5 29 6 32 8 34 11 35 15 35 19 34
20 36 21 36 23 37 26 37 29 36 32 34 34 31 35 27 35 22 35 17 35 12 34 8 32 5 29 3 25 2 20 2 15 2 11 3 8 5 6 8 5 11 4 15 4 20 4 25 5 29 6 32 8 34 11 35 15 35 20 34
20 36 21 36 23 37 26 37 29 36 32 34 34 31 35 27 35 22 35 17 35 12 34 8 32 5 29 3 25 2 20 2 15 2 11 3 8 5 6 8 5 11 4 15 4 20 4 25 5 29 6 32 8 34 11 35 15 35 18 35
20 36 21 36 23 37 26 37 29 36 32 34 34 31 35 27 35 22 35 17 35 12 34 8 32 5 29 3 25 2 20 2 15 2 11 3 8 5 6 8 5 11 4 15 4 20 4 25 5 29 6 32 8 34 11 35 15 35 19 35
20 36 21 36 23 37 26 37 29 36 32 34 34 31 35 27 35 22 35 17 35 12 34 8 32 5 29 3 25 2 20 2 15 2 11 3 8 5 6 8 5 11 4 15 4 20 4 25 5 29 6 32 8 34 11 35 15 35 20 35
20 36 21 36 23 37 26 37 29 36 32 34 34 31 35 27 35 22 35 17 35 12 34 8 32 5 29 3 25 2 20 2 15 2 11 3 8 5 6 8 5 11 4 15 4 20 4 25 5 29 6 32 8 34 11 35 15 35 18 36
20 36 21 36 23 37 26 37 29 36 32 34 34 31 35 27 35 22 35 17 35 12 34 8 32 5 29 3 25 2 20 2 15 2 11 3 8 5 6 8 5 11 4 15 4 20 4 25 5 29 6 32 8 34 11 35 15 35 19 36
20 36 21 36 23 37 26 37 29 36 32 34 34 31 35 27 35 22 35 17 35 12 34 8 32 5 29 3 25 2 20 2 15 2 11 3 8 5 6 8 5 11 4 15 4 20 4 25 5 29 6 32 8 34 11 35 15 35 20 36
20 36 21 36 23 37 26 37 29 36 32 34 34 31 35 27 35 22 35 17 35 12 34 8 32 5 29 3 25 2 20 2 15 2 11 3 8 5 6 8 5 11 4 15 4 20 4 25 5 29 6 32 8 34 11 35 14 36 18 36
20 36 21 36 23 37 26 37 29 36 32 34 34 31 35 27 35 22 35 17 35 12 34 8 32 5 29 3 25 2 20 2 15 2 11 3 8 5 6 8 5 11 4 15 4 20 4 25 5 29 6 32 8 34 11 35 14 36 18 37
20 36 21 36 23 37 26 37 29 36 32 34 34 31 35 27 35 22 35 17 35 12 34 8 32 5 29 3 25 2 20 2 15 2 11 3 8 5 6 8 5 11 4 15 4 20 4 25 5 29 6 32 8 34 11 35 14 36 18 38
20 36 21 36 23 37 26 37 29 36 32 34 34 31 35 27 35 22 35 17 35 12 34 8 32 5 29 3 25 2 20 2 15 2 11 3 8 5 6 8 5 11 4 15 4 20 4 25 5 29 6 32 8 34 11 35 15 36 18 36
20 36 21 36 23 37 26 37 29 36 32 34 34 31 35 27 35 22 35 17 35 12 34 8 32 5 29 3 25 2 20 2 15 2 11 3 8 5 6 8 5 11 4 15 4 20 4 25 5 29 6 32 8 34 11 35 15 36 19 36
20 36 21 36 23 37 26 37 29 36 32 34 34 31 35 27 35 22 35 17 35 12 34 8 32 5 29 3 25 2 20 2 15 2 11 3 8 5 6 8 5 11 4 15 4 20 4 25 5 29 6 32 8 34 11 35 15 36 20 36
20 36 21 36 23 37 26 37 29 36 32 34 34 31 35 27 35 22 35 17 35 12 34 8 32 5 29 3 25 2 20 2 15 2 11 3 8 5 6 8 5 11 4 15 4 20 4 25 5 29 6 32 8 34 11 35 15 36 18 37
20 36 21 36 23 37 26 37 29 36 32 34 34 31 35 27 35 22 35 17 35 12 34 8 32 5 29 3 25 2 20 2 15 2 11 3 8 5 6 8 5 11 4 15 4 20 4 25 5 29 6 32 8 34 11 35 15 36 19 37
20 36 21 36 23 37 26 37 29 36 32 34 34 31 35 27 35 22 35 17 35 12 34 8 32 5 29 3 25 2 20 2 15 2 11 3 8 5 6 8 5 11 4 15 4 20 4 25 5 29 6 32 8 34 11 35 15 36 20 37
20 36 21 36 23 37 26 37 29 36 32 34 34 31 35 27 35 22 35 17 35 12 34 8 32 5 29 3 25 2 20 2 15 2 11 3 8 5 6 8 5 11 4 15 4 20 4 25 5 29 6 32 8 34 11 35 15 36 18 38
20 36 21 36 23 37 26 37 29 36 32 34 34 31 35 27 35 22 35 17 35 12 34 8 32 5 29 3 25 2 20 2 15 2 11 3 8 5 6 8 5 11 4 15 4 20 4 25 5 29 6 32 8 34 11 35 15 36 19 38
20 36 21 36 23 37 26 37 29 36 32 34 34 31 35 27 35 22 35 17 35 12 34 8 32 5 29 3 25 2 20 2 15 2 11 3 8 5 6 8 5 11 4 15 4 20 4 25 5 29 6 32 8 34 11 35 15 36 20 38
20 36 21 36 23 37 26 37 29 36 32 34 34 31 35 27 35 22 35 17 35 12 34 8 32 5 29 3 25 2 20 2 15 2 11 3 8 5 6 8 5 11 4 15 4 20 4 25 5 29 6 32 8 34 11 35 14 37 18 38
20 36 21 36 23 37 26 37 29 36 32 34 34 31 35 27 35 22 35 17 35 12 34 8 32 5 29 3 25 2 20 2 15 2 11 3 8 5 6 8 5 11 4 15 4 20 4 25 5 29 6 32 8 34 11 35 15 37 18 38
20 36 21 36 23 37 26 37 29 36 32 34 34 31 35 27 35 22 35 17 35 12 34 8 32 5 29 3 25 2 20 2 15 2 11 3 8 5 6 8 5 11 4 15 4 20 4 25 5 29 6 32 8 34 11 35 15 37 19 38
20 36 21 36 23 37 26 37 29 36 32 34 34 31 35 27 35 22 35 17 35 12 34 8 32 5 29 3 25 2 20 2 15 2 11 3 8 5 6 8 5 11 4 15 4 20 4 25 5 29 6 32 8 34 11 35 15 37 20 38
20 36 21 36 23 37 26 37 29 36 32 34 34 31 35 27 35 22 35 17 35 12 34 8 32 5 29 3 25 2 20 2 15 2 11 3 8 5 6 8 5 12 4 16 4 21 4 26 4 30 5 33 7 35 10 36 14 36 18 35
20 36 21 36 23 37 26 37 29 36 32 34 34 31 35 27 35 22 35 17 35 12 34 8 32 5 29 3 25 2 20 2 15 2 11 3 8 5 6 8 5 12 4 16 4 21 4 26 4 30 5 33 7 35 10 36 14 36 19 35
20 36 21 36 23 37 26 37 29 36 32 34 34 31 35 27 35 22 35 17 35 12 34 8 32 5 29 3 25 2 20 2 15 2 11 3 8 5 6 8 5 12 4 16 4 21 4 26 4 30 5 33 7 35 10 36 14 36 18 36
20 36 21 36 23 37 26 37 29 36 32 34 34 31 35 27 35 22 35 17 35 12 34 8 32 5 29 3 25 2 20 2 15 2 11 3 8 5 6 8 5 12 4 16 4 21 4 26 4 30 5 33 7 35 10 36 14 36 19 36
20 36 21 36 23 37 26 37 29 36 32 34 34 31 35 27 35 22 35 17 35 12 34 8 32 5 29 3 25 2 20 2 15 2 11 3 8 5 6 8 5 12 4 16 4 21 4 26 4 30 5 33 7 35 10 36 14 36 18 37
20 36 21 36 23 37 26 37 29 36 32 34 34 31 35 27 35 22 35 17 35 12 34 8 32 5 29 3 25 2 20 2 15 2 11 3 8 5 6 8 5 12 4 16 4 21 4 26 4 30 5 33 7 35 10 36 14 36 19 37
20 36 21 36 23 37 26 37 29 36 32 34 34 31 35 27 35 22 35 17 35 12 34 8 32 5 29 3 25 2 20 2 15 2 11 3 8 5 6 8 5 12 4 16 4 21 4 26 5 30 6 33 8 35 11 36 14 36 18 35
20 36 21 36 23 37 26 37 29 36 32 34 34 31 35 27 35 22 35 17 35 12 34 8 32 5 29 3 25 2 20 2 15 2 11 3 8 5 6 8 5 12 4 16 4 21 4 26 5 30 6 33 8 35 11 36 14 36 18 36
20 36 21 36 23 37 26 37 29 36 32 34 34 31 35 27 35 22 35 17 35 12 34 8 32 5 29 3 25 2 20 2 15 2 11 3 8 5 6 8 5 12 4 16 4 21 4 26 5 30 6 33 8 35 11 36 14 36 18 37
20 36 21 36 23 37 26 37 29 36 32 34 34 31 35 27 35 22 35 17 35 12 34 8 32 5 29 3 25 2 20 2 15 2 11 3 8 5 6 8 5 12 4 16 4 21 4 26 5 30 6 33 8 35 11 36 15 36 18 35
20 36 21 36 23 37 26 37 29 36 32 34 34 31 35 27 35 22 35 17 35 12 34 8 32 5 29 3 25 2 20 2 15 2 11 3 8 5 6 8 5 12 4 16 4 21 4 26 5 30 6 33 8 35 11 36 15 36 19 35
20 36 21 36 23 37 26 37 29 36 32 34 34 31 35 27 35 22 35 17 35 12 34 8 32 5 29 3 25 2 20 2 15 2 11 3 8 5 6 8 5 12 4 16 4 21 4 26 5 30 6 33 8 35 11 36 15 36 20 35
20 36 21 36 23 37 26 37 29 36 32 34 34 31 35 27 35 22 35 17 35 12 34 8 32 5 29 3 25 2 20 2 15 2 11 3 8 5 6 8 5 12 4 16 4 21 4 26 5 30 6 33 8 35 11 36 15 36 18 36
20 36 21 36 23 37 26 37 29 36 32 34 34 31 35 27 35 22 35 17 35 12 34 8 32 5 29 3 25 2 20 2 15 2 11 3 8 5 6 8 5 12 4 16 4 21 4 26 5 30 6 33 8 35 11 36 15 36 19 36
20 36 21 36 23 37 26 37 29 36 32 34 34 31 35 27 35 22 35 17 35 12 34 8 32 5 29 3 25 2 20 2 15 2 11 3 8 5 6 8 5 12 4 16 4 21 4 26 5 30 6 33 8 35 11 36 15 36 20 36
20 36 21 36 23 37 26 37 29 36 32 34 34 31 35 27 35 22 35 17 35 12 34 8 32 5 29 3 25 2 20 2 15 2 11 3 8 5 6 8 5 12 4 16 4 21 4 26 5 30 6 33 8 35 11 36 15 36 18 37
20 36 21 36 23 37 26 37 29 36 32 34 34 31 35 27 35 22 35 17 35 12 34 8 32 5 29 3 25 2 20 2 15 2 11 3 8 5 6 8 5 12 4 16 4 21 4 26 5 30 6 33 8 35 11 36 15 36 19 37
20 36 21 36 23 37 26 37 29 36 32 34 34 31 35 27 35 22 35 17 35 12 34 8 32 5 29 3 25 2 20 2 15 2 11 3 8 5 6 8 5 12 4 16 4 21 4 26 5 30 6 33 8 35 11 36 15 36 20 37
20 36 21 36 23 37 26 37 29 36 32 34 34 31 35 27 35 22 35 17 35 12 34 8 32 5 29 3 25 2 20 2 15 2 11 3 8 5 6 8 5 12 4 16 4 21 4 26 5 30 7 33 9 35 12 36 15 36 18 35
20 36 21 36 23 37 26 37 29 36 32 34 34 31 35 27 35 22 35 17 35 12 34 8 32 5 29 3 25 2 20 2 15 2 11 3 8 5 6 8 5 12 4 16 4 21 4 26 5 30 7 33 9 35 12 36 15 36 19 35
20 36 21 36 23 37 26 37 29 36 32 34 34 31 35 27 35 22 35 17 35 12 34 8 32 5 29 3 25 2 20 2 15 2 11 3 8 5 6 8 5 12 4 16 4 21 4 26 5 30 7 33 9 35 12 36 15 36 18 36
20 36 21 36 23 37 26 37 29 36 32 34 34 31 35 27 35 22 35 17 35 12 34 8 32 5 29 3 25 2 20 2 15 2 11 3 8 5 6 8 5 12 4 16 4 21 4 26 5 30 7 33 9 35 12 36 15 36 19 36
20 36 21 36 23 37 26 37 29 36 32 34 34 31 35 27 35 22 35 17 35 12 34 8 32 5 29 3 25 2 20 2 15 2 11 3 8 5 6 8 5 12 4 16 4 21 4 26 5 30 7 33 9 35 12 36 15 36 18 37
20 36 21 36 23 37 26 37 29 36 32 34 34 31 35 27 35 22 35 17 35 12 34 8 32 5 29 3 25 2 20 2 15 2 11 3 8 5 6 8 5 12 4 16 4 21 4 26 5 30 7 33 9 35 12 36 15 36 19 37
20 36 21 36 23 37 26 37 29 36 32 34 34 31 35 27 35 22 35 17 35 12 34 8 32 5 29 3 25 2 20 2 15 2 11 3 8 5 6 8 5 12 4 16 4 21 4 26 5 30 7 33 9 35 12 36 16 36 19 35
20 36 21 36 23 37 26 37 29 36 32 34 34 31 35 27 35 22 35 17 35 12 34 8 32 5 29 3 25 2 20 2 15 2 11 3 8 5 6 8 5 12 4 16 4 21 4 26 5 30 7 33 9 35 12 36 16 36 20 35
20 36 21 36 23 37 26 37 29 36 32 34 34 31 35 27 35 22 35 17 35 12 34 8 32 5 29 3 25 2 20 2 15 2 11 3 8 5 6 8 5 12 4 16 4 21 4 26 5 30 7 33 9 35 12 36 16 36 21 35
20 36 21 36 23 37 26 37 29 36 32 34 34 31 35 27 35 22 35 17 35 12 34 8 32 5 29 3 25 2 20 2 15 2 11 3 8 5 6 8 5 12 4 16 4 21 4 26 5 30 7 33 9 35 12 36 16 36 19 36
20 36 21 36 23 37 26 37 29 36 32 34 34 31 35 27 35 22 35 17 35 12 34 8 32 5 29 3 25 2 20 2 15 2 11 3 8 5 6 8 5 12 4 16 4 21 4 26 5 30 7 33 9 35 12 36 16 36 20 36
20 36 21 36 23 37 26 37 29 36 32 34 34 31 35 27 35 22 35 17 35 12 34 8 32 5 29 3 25 2 20 2 15 2 11 3 8 5 6 8 5 12 4 16 4 21 4 26 5 30 7 33 9 35 12 36 16 36 21 36
20 36 21 36 23 37 26 37 29 36 32 34 34 31 35 27 35 22 35 17 35 12 34 8 32 5 29 3 25 2 20 2 15 2 11 3 8 5 6 8 5 12 4 16 4 21 4 26 5 30 7 33 9 35 12 36 16 36 19 37
20 36 21 36 23 37 26 37 29 36 32 34 34 31 35 27 35 22 35 17 35 12 34 8 32 5 29 3 25 2 20 2 15 2 11 3 8 5 6 8 5 12 4 16 4 21 4 26 5 30 7 33 9 35 12 36 16 36 20 37
20 36 21 36 23 37 26 37 29 36 32 34 34 31 35 27 35 22 35 17 35 12 34 8 32 5 29 3 25 2 20 2 15 2 11 3 8 5 6 8 5 12 4 16 4 21 4 26 5 30 7 33 9 35 12 36 16 36 21 37
20 36 21 36 23 37 26 37 29 36 32 34 34 31 35 27 35 22 35 17 35 12 34 8 32 5 29 3 25 2 20 2 15 2 11 3 8 5 6 8 5 12 4 16 4 21 4 26 5 30 7 33 9 35 12 36 15 37 18 37
20 36 21 36 23 37 26 37 29 36 32 34 34 31 35 27 35 22 35 17 35 12 34 8 32 5 29 3 25 2 20 2 15 2 11 3 8 5 6 8 5 12 4 16 4 21 4 26 5 30 7 33 9 35 12 36 15 37 19 37
20 36 21 36 23 37 26 37 29 36 32 34 34 31 35 27 35 22 35 17 35 12 34 8 32 5 29 3 25 2 20 2 15 2 11 3 8 5 6 8 5 12 4 16 4 21 4 26 5 30 7 33 9 35 12 36 15 37 18 38
20 36 21 36 23 37 26 37 29 36 32 34 34 31 35 27 35 22 35 17 35 12 34 8 32 5 29 3 25 2 20 2 15 2 11 3 8 5 6 8 5 12 4 16 4 21 4 26 5 30 7 33 9 35 12 36 15 37 19 38
20 36 21 36 23 37 26 37 29 36 32 34 34 31 35 27 35 22 35 17 35 12 34 8 32 5 29 3 25 2 20 2 15 2 11 3 8 5 6 8 5 12 4 16 4 21 4 26 5 30 7 33 9 35 12 36 16 37 19 37
20 36 21 36 23 37 26 37 29 36 32 34 34 31 35 27 35 22 35 17 35 12 34 8 32 5 29 3 25 2 20 2 15 2 11 3 8 5 6 8 5 12 4 16 4 21 4 26 5 30 7 33 9 35 12 36 16 37 20 37
20 36 21 36 23 37 26 37 29 36 32 34 34 31 35 27 35 22 35 17 35 12 34 8 32 5 29 3 25 2 20 2 15 2 11 3 8 5 6 8 5 12 4 16 4 21 4 26 5 30 7 33 9 35 12 36 16 37 21 37