100
20 36 21 35 23 34 26 34 29 34 31 34 32 33 32 31 31 29 29 27 26 26 22 26 19 26 17 26 16 25 15 23 15 20 16 16 18 13 21 11 25 10 28 10 30 10 31 9 31 7 30 5 28 3 25 2 21 2 16 2 12 3 9 5 7 8 5 12 4 17 4 23 5 28 7 32 10 35 14 37 18 38
20 36 21 35 23 34 26 34 29 34 31 34 32 33 32 31 31 29 29 27 26 26 22 26 19 26 17 26 16 25 15 23 15 20 16 16 18 13 21 11 25 10 28 10 30 10 31 9 31 7 30 5 28 3 25 2 21 2 16 2 12 3 9 5 7 8 5 12 4 17 4 23 5 28 7 32 10 35 14 37 19 38
20 36 21 35 23 34 26 34 29 34 31 34 32 33 32 31 31 29 29 27 26 26 22 26 19 26 17 26 16 25 15 23 15 20 16 16 18 13 21 11 25 10 28 10 30 10 31 9 31 7 30 5 28 3 25 2 21 2 16 2 12 3 9 5 7 8 5 12 4 16 4 21 4 26 5 30 7 33 10 35 14 36 18 36
20 36 21 35 23 34 26 34 29 34 31 34 32 33 32 31 31 29 29 27 26 26 22 26 19 26 17 26 16 25 15 23 15 20 16 16 18 13 21 11 25 10 28 10 30 10 31 9 31 7 30 5 28 3 25 2 21 2 16 2 12 3 9 5 7 8 5 12 4 16 4 21 4 26 5 30 7 33 10 35 14 36 19 36
20 36 21 35 23 34 26 34 29 34 31 34 32 33 32 31 31 29 29 27 26 26 22 26 19 26 17 26 16 25 15 23 15 20 16 16 18 13 21 11 25 10 28 10 30 10 31 9 31 7 30 5 28 3 25 2 21 2 16 2 12 3 9 5 7 8 5 12 4 16 4 21 4 26 5 30 7 33 10 35 14 36 18 37
20 36 21 35 23 34 26 34 29 34 31 34 32 33 32 31 31 29 29 27 26 26 22 26 19 26 17 26 16 25 15 23 15 20 16 16 18 13 21 11 25 10 28 10 30 10 31 9 31 7 30 5 28 3 25 2 21 2 16 2 12 3 9 5 7 8 5 12 4 16 4 21 4 26 5 30 7 33 10 35 14 36 19 37
20 36 21 35 23 34 26 34 29 34 31 34 32 33 32 31 31 29 29 27 26 26 22 26 19 26 17 26 16 25 15 23 15 20 16 16 18 13 21 11 25 10 28 10 30 10 31 9 31 7 30 5 28 3 25 2 21 2 16 2 12 3 9 5 7 8 5 12 4 16 4 21 4 26 5 30 7 33 10 35 14 36 18 38
20 36 21 35 23 34 26 34 29 34 31 34 32 33 32 31 31 29 29 27 26 26 22 26 19 26 17 26 16 25 15 23 15 20 16 16 18 13 21 11 25 10 28 10 30 10 31 9 31 7 30 5 28 3 25 2 21 2 16 2 12 3 9 5 7 8 5 12 4 16 4 21 4 26 5 30 7 33 10 35 14 36 19 38
20 36 21 35 23 34 26 34 29 34 31 34 32 33 32 31 31 29 29 27 26 26 22 26 19 26 17 26 16 25 15 23 15 20 16 16 18 13 21 11 25 10 28 10 30 10 31 9 31 7 30 5 28 3 25 2 21 2 16 2 12 3 9 5 7 8 5 12 4 17 4 22 4 27 5 31 7 34 10 36 14 37 18 37
20 36 21 35 23 34 26 34 29 34 31 34 32 33 32 31 31 29 29 27 26 26 22 26 19 26 17 26 16 25 15 23 15 20 16 16 18 13 21 11 25 10 28 10 30 10 31 9 31 7 30 5 28 3 25 2 21 2 16 2 12 3 9 5 7 8 5 12 4 17 4 22 4 27 5 31 7 34 10 36 14 37 19 37
20 36 21 35 23 34 26 34 29 34 31 34 32 33 32 31 31 29 29 27 26 26 22 26 19 26 17 26 16 25 15 23 15 20 16 16 18 13 21 11 25 10 28 10 30 10 31 9 31 7 30 5 28 3 25 2 21 2 16 2 12 3 9 5 7 8 5 12 4 17 4 22 4 27 5 31 7 34 10 36 14 37 18 38
20 36 21 35 23 34 26 34 29 34 31 34 32 33 32 31 31 29 29 27 26 26 22 26 19 26 17 26 16 25 15 23 15 20 16 16 18 13 21 11 25 10 28 10 30 10 31 9 31 7 30 5 28 3 25 2 21 2 16 2 12 3 9 5 7 8 5 12 4 17 4 22 4 27 5 31 7 34 10 36 14 37 19 38
20 36 21 35 23 34 26 34 29 34 31 34 32 33 32 31 31 29 29 27 26 26 22 26 19 26 17 26 16 25 15 23 15 20 16 16 18 13 21 11 25 10 28 10 30 10 31 9 31 7 30 5 28 3 25 2 21 2 16 2 12 3 9 5 7 8 5 12 4 17 4 22 5 27 6 31 8 34 11 36 14 37 18 37
20 36 21 35 23 34 26 34 29 34 31 34 32 33 32 31 31 29 29 27 26 26 22 26 19 26 17 26 16 25 15 23 15 20 16 16 18 13 21 11 25 10 28 10 30 10 31 9 31 7 30 5 28 3 25 2 21 2 16 2 12 3 9 5 7 8 5 12 4 17 4 22 5 27 6 31 8 34 11 36 14 37 18 38
20 36 21 35 23 34 26 34 29 34 31 34 32 33 32 31 31 29 29 27 26 26 22 26 19 26 17 26 16 25 15 23 15 20 16 16 18 13 21 11 25 10 28 10 30 10 31 9 31 7 30 5 28 3 25 2 21 2 16 2 12 3 9 5 7 8 5 12 4 17 4 22 5 27 6 31 8 34 11 36 15 37 18 37
20 36 21 35 23 34 26 34 29 34 31 34 32 33 32 31 31 29 29 27 26 26 22 26 19 26 17 26 16 25 15 23 15 20 16 16 18 13 21 11 25 10 28 10 30 10 31 9 31 7 30 5 28 3 25 2 21 2 16 2 12 3 9 5 7 8 5 12 4 17 4 22 5 27 6 31 8 34 11 36 15 37 19 37
20 36 21 35 23 34 26 34 29 34 31 34 32 33 32 31 31 29 29 27 26 26 22 26 19 26 17 26 16 25 15 23 15 20 16 16 18 13 21 11 25 10 28 10 30 10 31 9 31 7 30 5 28 3 25 2 21 2 16 2 12 3 9 5 7 8 5 12 4 17 4 22 5 27 6 31 8 34 11 36 15 37 20 37
20 36 21 35 23 34 26 34 29 34 31 34 32 33 32 31 31 29 29 27 26 26 22 26 19 26 17 26 16 25 15 23 15 20 16 16 18 13 21 11 25 10 28 10 30 10 31 9 31 7 30 5 28 3 25 2 21 2 16 2 12 3 9 5 7 8 5 12 4 17 4 22 5 27 6 31 8 34 11 36 15 37 18 38
20 36 21 35 23 34 26 34 29 34 31 34 32 33 32 31 31 29 29 27 26 26 22 26 19 26 17 26 16 25 15 23 15 20 16 16 18 13 21 11 25 10 28 10 30 10 31 9 31 7 30 5 28 3 25 2 21 2 16 2 12 3 9 5 7 8 5 12 4 17 4 22 5 27 6 31 8 34 11 36 15 37 19 38
20 36 21 35 23 34 26 34 29 34 31 34 32 33 32 31 31 29 29 27 26 26 22 26 19 26 17 26 16 25 15 23 15 20 16 16 18 13 21 11 25 10 28 10 30 10 31 9 31 7 30 5 28 3 25 2 21 2 16 2 12 3 9 5 7 8 5 12 4 17 4 22 5 27 6 31 8 34 11 36 15 37 20 38
20 36 21 35 23 34 26 34 29 34 31 34 32 33 32 31 31 29 29 27 26 26 22 26 19 26 17 26 16 25 15 23 15 20 16 16 18 13 21 11 25 10 28 10 30 10 31 9 31 7 30 5 28 3 25 2 21 2 16 2 12 3 9 5 7 8 5 12 4 17 4 23 4 28 5 32 7 35 10 37 14 38 18 38
20 36 21 35 23 34 26 34 29 34 31 34 32 33 32 31 31 29 29 27 26 26 22 26 19 26 17 26 16 25 15 23 15 20 16 16 18 13 21 11 25 10 28 10 30 10 31 9 31 7 30 5 28 3 25 2 21 2 16 2 12 3 9 5 7 8 5 12 4 17 4 23 4 28 5 32 7 35 10 37 14 38 19 38
20 36 21 35 23 34 26 34 29 34 31 34 32 33 32 31 31 29 29 27 26 26 22 26 19 26 17 26 16 25 15 23 15 20 16 16 18 13 21 11 25 10 28 10 30 10 31 9 31 7 30 5 28 3 25 2 21 2 16 2 12 3 9 5 7 8 5 12 4 17 4 23 5 28 6 32 8 35 11 37 14 38 18 38
20 36 21 35 23 34 26 34 29 34 31 34 32 33 32 31 31 29 29 27 26 26 22 26 19 26 17 26 16 25 15 23 15 20 16 16 18 13 21 11 25 10 28 10 30 10 31 9 31 7 30 5 28 3 25 2 21 2 16 2 12 3 9 5 7 8 5 12 4 17 4 23 5 28 6 32 8 35 11 37 15 38 18 38
20 36 21 35 23 34 26 34 29 34 31 34 32 33 32 31 31 29 29 27 26 26 22 26 19 26 17 26 16 25 15 23 15 20 16 16 18 13 21 11 25 10 28 10 30 10 31 9 31 7 30 5 28 3 25 2 21 2 16 2 12 3 9 5 7 8 5 12 4 17 4 23 5 28 6 32 8 35 11 37 15 38 19 38
20 36 21 35 23 34 26 34 29 34 31 34 32 33 32 31 31 29 29 27 26 26 22 26 19 26 17 26 16 25 15 23 15 20 16 16 18 13 21 11 25 10 28 10 30 10 31 9 31 7 30 5 28 3 25 2 21 2 16 2 12 3 9 5 7 8 5 12 4 17 4 23 5 28 6 32 8 35 11 37 15 38 20 38
20 36 21 35 23 34 26 34 29 34 31 34 32 33 32 31 31 29 29 27 26 26 22 26 19 26 17 26 16 25 15 23 15 20 16 16 18 13 21 11 25 10 28 10 30 10 31 9 31 7 30 5 28 3 25 2 21 2 16 2 12 3 9 5 7 8 5 12 4 17 4 23 5 28 7 32 9 35 12 37 15 38 18 38
20 36 21 35 23 34 26 34 29 34 31 34 32 33 32 31 31 29 29 27 26 26 22 26 19 26 17 26 16 25 15 23 15 20 16 16 18 13 21 11 25 10 28 10 30 10 31 9 31 7 30 5 28 3 25 2 21 2 16 2 12 3 9 5 7 8 5 12 4 17 4 23 5 28 7 32 9 35 12 37 15 38 19 38
20 36 21 35 23 34 26 34 29 34 31 34 32 33 32 31 31 29 29 27 26 26 22 26 19 26 17 26 16 25 15 23 15 20 16 16 18 13 21 11 25 10 28 10 30 10 31 9 31 7 30 5 28 3 25 2 21 2 16 2 12 3 9 5 7 8 5 12 4 17 4 23 5 28 7 32 9 35 12 37 16 38 19 38
20 36 21 35 23 34 26 34 29 34 31 34 32 33 32 31 31 29 29 27 26 26 22 26 19 26 17 26 16 25 15 23 15 20 16 16 18 13 21 11 25 10 28 10 30 10 31 9 31 7 30 5 28 3 25 2 21 2 16 2 12 3 9 5 7 8 5 12 4 17 4 23 5 28 7 32 9 35 12 37 16 38 20 38
20 36 21 35 23 34 26 34 29 34 31 34 32 33 32 31 31 29 29 27 26 26 22 26 19 26 17 26 16 25 15 23 15 20 16 16 18 13 21 11 25 10 28 10 30 10 31 9 31 7 30 5 28 3 25 2 21 2 16 2 12 3 9 5 7 8 5 12 4 17 4 23 5 28 7 32 9 35 12 37 16 38 21 38
20 36 21 35 23 34 26 34 29 34 31 34 32 33 32 31 31 29 29 27 26 26 22 26 19 26 17 26 16 25 15 23 15 20 16 16 18 13 21 11 25 10 28 10 30 10 31 9 31 7 30 5 28 3 25 2 21 2 16 2 12 3 9 5 7 8 5 12 4 17 4 23 5 28 7 32 10 35 13 37 15 38 18 38
20 36 21 35 23 34 26 34 29 34 31 34 32 33 32 31 31 29 29 27 26 26 22 26 19 26 17 26 16 25 15 23 15 20 16 16 18 13 21 11 25 10 28 10 30 10 31 9 31 7 30 5 28 3 25 2 21 2 16 2 12 3 9 5 7 8 5 12 4 17 4 23 5 28 7 32 10 35 13 37 16 38 18 38
20 36 21 35 23 34 26 34 29 34 31 34 32 33 32 31 31 29 29 27 26 26 22 26 19 26 17 26 16 25 15 23 15 20 16 16 18 13 21 11 25 10 28 10 30 10 31 9 31 7 30 5 28 3 25 2 21 2 16 2 12 3 9 5 7 8 5 12 4 17 4 23 5 28 7 32 10 35 13 37 16 38 19 38
20 36 21 35 23 34 26 34 29 34 31 34 32 33 32 31 31 29 29 27 26 26 22 26 19 26 17 26 16 25 15 23 15 20 16 16 18 13 21 11 25 10 28 10 30 10 31 9 31 7 30 5 28 3 25 2 21 2 16 2 12 3 9 5 7 8 5 12 4 17 4 23 5 28 7 32 10 35 13 37 16 38 20 38
20 36 21 35 23 34 26 34 29 34 31 34 32 33 32 31 31 29 29 27 26 26 22 26 19 26 17 26 16 25 15 23 15 20 16 16 18 13 21 11 25 10 28 10 30 10 31 9 31 7 30 5 28 3 25 2 21 2 16 2 12 3 9 5 7 8 5 12 4 17 4 23 5 28 7 32 10 35 13 37 17 38 20 38
20 36 21 35 23 34 26 34 29 34 31 34 32 33 32 31 31 29 29 27 26 26 22 26 19 26 17 26 16 25 15 23 15 20 16 16 18 13 21 11 25 10 28 10 30 10 31 9 31 7 30 5 28 3 25 2 21 2 16 2 12 3 9 5 7 8 5 12 4 17 4 23 5 28 7 32 10 35 13 37 17 38 21 38
20 36 21 35 23 34 26 34 29 34 31 34 32 33 32 31 31 29 29 27 26 26 22 26 19 26 17 26 16 25 15 23 15 20 16 16 18 13 21 11 25 10 28 10 30 10 31 9 31 7 30 5 28 3 25 2 21 2 16 2 12 3 9 5 7 8 5 12 4 17 4 23 5 28 7 32 10 35 13 37 17 38 22 38
20 36 21 35 23 34 26 34 29 34 31 34 32 33 32 31 31 29 29 27 26 26 22 26 19 26 17 26 16 25 15 23 15 20 16 16 18 13 21 11 25 10 28 10 30 10 31 9 31 7 30 5 28 3 25 2 21 2 16 2 12 3 9 5 7 8 5 12 4 17 4 23 5 28 7 32 10 35 14 37 17 38 19 38
20 36 21 35 23 34 26 34 29 34 31 34 32 33 32 31 31 29 29 27 26 26 22 26 19 26 17 26 16 25 15 23 15 20 16 16 18 13 21 11 25 10 28 10 30 10 31 9 31 7 30 5 28 3 25 2 21 2 16 2 12 3 9 5 7 8 5 12 4 17 4 23 5 28 7 32 10 35 14 37 17 38 20 38
20 36 21 35 23 34 26 34 29 34 31 34 32 33 32 31 31 29 29 27 26 26 22 26 19 26 17 26 16 25 15 23 15 20 16 16 18 13 21 11 25 10 28 10 30 10 31 9 31 7 30 5 28 3 25 2 21 2 16 2 12 3 9 5 7 8 5 12 4 17 4 23 5 28 7 32 10 35 14 37 17 38 21 38
20 36 21 35 23 34 26 34 29 34 31 34 32 33 32 31 31 29 29 27 26 26 22 26 19 26 17 26 16 25 15 23 15 20 16 16 18 13 21 11 25 10 28 10 30 10 31 9 31 7 30 5 28 3 25 2 21 2 16 2 12 3 9 5 7 8 5 11 4 15 4 20 4 25 4 29 5 32 7 34 10 35 14 35 18 34
20 36 21 35 23 34 26 34 29 34 31 34 32 33 32 31 31 29 29 27 26 26 22 26 19 26 17 26 16 25 15 23 15 20 16 16 18 13 21 11 25 10 28 10 30 10 31 9 31 7 30 5 28 3 25 2 21 2 16 2 12 3 9 5 7 8 5 11 4 15 4 20 4 25 4 29 5 32 7 34 10 35 14 35 19 34
20 36 21 35 23 34 26 34 29 34 31 34 32 33 32 31 31 29 29 27 26 26 22 26 19 26 17 26 16 25 15 23 15 20 16 16 18 13 21 11 25 10 28 10 30 10 31 9 31 7 30 5 28 3 25 2 21 2 16 2 12 3 9 5 7 8 5 11 4 15 4 20 4 25 4 29 5 32 7 34 10 35 14 35 18 35
20 36 21 35 23 34 26 34 29 34 31 34 32 33 32 31 31 29 29 27 26 26 22 26 19 26 17 26 16 25 15 23 15 20 16 16 18 13 21 11 25 10 28 10 30 10 31 9 31 7 30 5 28 3 25 2 21 2 16 2 12 3 9 5 7 8 5 11 4 15 4 20 4 25 4 29 5 32 7 34 10 35 14 35 19 35
20 36 21 35 23 34 26 34 29 34 31 34 32 33 32 31 31 29 29 27 26 26 22 26 19 26 17 26 16 25 15 23 15 20 16 16 18 13 21 11 25 10 28 10 30 10 31 9 31 7 30 5 28 3 25 2 21 2 16 2 12 3 9 5 7 8 5 11 4 15 4 20 4 25 4 29 5 32 7 34 10 35 14 35 18 36
20 36 21 35 23 34 26 34 29 34 31 34 32 33 32 31 31 29 29 27 26 26 22 26 19 26 17 26 16 25 15 23 15 20 16 16 18 13 21 11 25 10 28 10 30 10 31 9 31 7 30 5 28 3 25 2 21 2 16 2 12 3 9 5 7 8 5 11 4 15 4 20 4 25 4 29 5 32 7 34 10 35 14 35 19 36
20 36 21 35 23 34 26 34 29 34 31 34 32 33 32 31 31 29 29 27 26 26 22 26 19 26 17 26 16 25 15 23 15 20 16 16 18 13 21 11 25 10 28 10 30 10 31 9 31 7 30 5 28 3 25 2 21 2 16 2 12 3 9 5 7 8 5 11 4 15 4 20 4 25 5 29 6 32 8 34 11 35 14 35 18 34
20 36 21 35 23 34 26 34 29 34 31 34 32 33 32 31 31 29 29 27 26 26 22 26 19 26 17 26 16 25 15 23 15 20 16 16 18 13 21 11 25 10 28 10 30 10 31 9 31 7 30 5 28 3 25 2 21 2 16 2 12 3 9 5 7 8 5 11 4 15 4 20 4 25 5 29 6 32 8 34 11 35 14 35 18 35
20 36 21 35 23 34 26 34 29 34 31 34 32 33 32 31 31 29 29 27 26 26 22 26 19 26 17 26 16 25 15 23 15 20 16 16 18 13 21 11 25 10 28 10 30 10 31 9 31 7 30 5 28 3 25 2 21 2 16 2 12 3 9 5 7 8 5 11 4 15 4 20 4 25 5 29 6 32 8 34 11 35 14 35 18 36
20 36 21 35 23 34 26 34 29 34 31 34 32 33 32 31 31 29 29 27 26 26 22 26 19 26 17 26 16 25 15 23 15 20 16 16 18 13 21 11 25 10 28 10 30 10 31 9 31 7 30 5 28 3 25 2 21 2 16 2 12 3 9 5 7 8 5 11 4 15 4 20 4 25 5 29 6 32 8 34 11 35 15 35 18 34
20 36 21 35 23 34 26 34 29 34 31 34 32 33 32 31 31 29 29 27 26 26 22 26 19 26 17 26 16 25 15 23 15 20 16 16 18 13 21 11 25 10 28 10 30 10 31 9 31 7 30 5 28 3 25 2 21 2 16 2 12 3 9 5 7 8 5 11 4 15 4 20 4 25 5 29 6 32 8 34 11 35 15 35 19 34
20 36 21 35 23 34 26 34 29 34 31 34 32 33 32 31 31 29 29 27 26 26 22 26 19 26 17 26 16 25 15 23 15 20 16 16 18 13 21 11 25 10 28 10 30 10 31 9 31 7 30 5 28 3 25 2 21 2 16 2 12 3 9 5 7 8 5 11 4 15 4 20 4 25 5 29 6 32 8 34 11 35 15 35 20 34
20 36 21 35 23 34 26 34 29 34 31 34 32 33 32 31 31 29 29 27 26 26 22 26 19 26 17 26 16 25 15 23 15 20 16 16 18 13 21 11 25 10 28 10 30 10 31 9 31 7 30 5 28 3 25 2 21 2 16 2 12 3 9 5 7 8 5 11 4 15 4 20 4 25 5 29 6 32 8 34 11 35 15 35 18 35
20 36 21 35 23 34 26 34 29 34 31 34 32 33 32 31 31 29 29 27 26 26 22 26 19 26 17 26 16 25 15 23 15 20 16 16 18 13 21 11 25 10 28 10 30 10 31 9 31 7 30 5 28 3 25 2 21 2 16 2 12 3 9 5 7 8 5 11 4 15 4 20 4 25 5 29 6 32 8 34 11 35 15 35 19 35
20 36 21 35 23 34 26 34 29 34 31 34 32 33 32 31 31 29 29 27 26 26 22 26 19 26 17 26 16 25 15 23 15 20 16 16 18 13 21 11 25 10 28 10 30 10 31 9 31 7 30 5 28 3 25 2 21 2 16 2 12 3 9 5 7 8 5 11 4 15 4 20 4 25 5 29 6 32 8 34 11 35 15 35 20 35
20 36 21 35 23 34 26 34 29 34 31 34 32 33 32 31 31 29 29 27 26 26 22 26 19 26 17 26 16 25 15 23 15 20 16 16 18 13 21 11 25 10 28 10 30 10 31 9 31 7 30 5 28 3 25 2 21 2 16 2 12 3 9 5 7 8 5 11 4 15 4 20 4 25 5 29 6 32 8 34 11 35 15 35 18 36
20 36 21 35 23 34 26 34 29 34 31 34 32 33 32 31 31 29 29 27 26 26 22 26 19 26 17 26 16 25 15 23 15 20 16 16 18 13 21 11 25 10 28 10 30 10 31 9 31 7 30 5 28 3 25 2 21 2 16 2 12 3 9 5 7 8 5 11 4 15 4 20 4 25 5 29 6 32 8 34 11 35 15 35 19 36
20 36 21 35 23 34 26 34 29 34 31 34 32 33 32 31 31 29 29 27 26 26 22 26 19 26 17 26 16 25 15 23 15 20 16 16 18 13 21 11 25 10 28 10 30 10 31 9 31 7 30 5 28 3 25 2 21 2 16 2 12 3 9 5 7 8 5 11 4 15 4 20 4 25 5 29 6 32 8 34 11 35 15 35 20 36
20 36 21 35 23 34 26 34 29 34 31 34 32 33 32 31 31 29 29 27 26 26 22 26 19 26 17 26 16 25 15 23 15 20 16 16 18 13 21 11 25 10 28 10 30 10 31 9 31 7 30 5 28 3 25 2 21 2 16 2 12 3 9 5 7 8 5 11 4 15 4 20 4 25 5 29 6 32 8 34 11 35 14 36 18 36
20 36 21 35 23 34 26 34 29 34 31 34 32 33 32 31 31 29 29 27 26 26 22 26 19 26 17 26 16 25 15 23 15 20 16 16 18 13 21 11 25 10 28 10 30 10 31 9 31 7 30 5 28 3 25 2 21 2 16 2 12 3 9 5 7 8 5 11 4 15 4 20 4 25 5 29 6 32 8 34 11 35 14 36 18 37
20 36 21 35 23 34 26 34 29 34 31 34 32 33 32 31 31 29 29 27 26 26 22 26 19 26 17 26 16 25 15 23 15 20 16 16 18 13 21 11 25 10 28 10 30 10 31 9 31 7 30 5 28 3 25 2 21 2 16 2 12 3 9 5 7 8 5 11 4 15 4 20 4 25 5 29 6 32 8 34 11 35 14 36 18 38
20 36 21 35 23 34 26 34 29 34 31 34 32 33 32 31 31 29 29 27 26 26 22 26 19 26 17 26 16 25 15 23 15 20 16 16 18 13 21 11 25 10 28 10 30 10 31 9 31 7 30 5 28 3 25 2 21 2 16 2 12 3 9 5 7 8 5 11 4 15 4 20 4 25 5 29 6 32 8 34 11 35 15 36 18 36
20 36 21 35 23 34 26 34 29 34 31 34 32 33 32 31 31 29 29 27 26 26 22 26 19 26 17 26 16 25 15 23 15 20 16 16 18 13 21 11 25 10 28 10 30 10 31 9 31 7 30 5 28 3 25 2 21 2 16 2 12 3 9 5 7 8 5 11 4 15 4 20 4 25 5 29 6 32 8 34 11 35 15 36 19 36
20 36 21 35 23 34 26 34 29 34 31 34 32 33 32 31 31 29 29 27 26 26 22 26 19 26 17 26 16 25 15 23 15 20 16 16 18 13 21 11 25 10 28 10 30 10 31 9 31 7 30 5 28 3 25 2 21 2 16 2 12 3 9 5 7 8 5 11 4 15 4 20 4 25 5 29 6 32 8 34 11 35 15 36 20 36
20 36 21 35 23 34 26 34 29 34 31 34 32 33 32 31 31 29 29 27 26 26 22 26 19 26 17 26 16 25 15 23 15 20 16 16 18 13 21 11 25 10 28 10 30 10 31 9 31 7 30 5 28 3 25 2 21 2 16 2 12 3 9 5 7 8 5 11 4 15 4 20 4 25 5 29 6 32 8 34 11 35 15 36 18 37
20 36 21 35 23 34 26 34 29 34 31 34 32 33 32 31 31 29 29 27 26 26 22 26 19 26 17 26 16 25 15 23 15 20 16 16 18 13 21 11 25 10 28 10 30 10 31 9 31 7 30 5 28 3 25 2 21 2 16 2 12 3 9 5 7 8 5 11 4 15 4 20 4 25 5 29 6 32 8 34 11 35 15 36 19 37
20 36 21 35 23 34 26 34 29 34 31 34 32 33 32 31 31 29 29 27 26 26 22 26 19 26 17 26 16 25 15 23 15 20 16 16 18 13 21 11 25 10 28 10 30 10 31 9 31 7 30 5 28 3 25 2 21 2 16 2 12 3 9 5 7 8 5 11 4 15 4 20 4 25 5 29 6 32 8 34 11 35 15 36 20 37
20 36 21 35 23 34 26 34 29 34 31 34 32 33 32 31 31 29 29 27 26 26 22 26 19 26 17 26 16 25 15 23 15 20 16 16 18 13 21 11 25 10 28 10 30 10 31 9 31 7 30 5 28 3 25 2 21 2 16 2 12 3 9 5 7 8 5 11 4 15 4 20 4 25 5 29 6 32 8 34 11 35 15 36 18 38
20 36 21 35 23 34 26 34 29 34 31 34 32 33 32 31 31 29 29 27 26 26 22 26 19 26 17 26 16 25 15 23 15 20 16 16 18 13 21 11 25 10 28 10 30 10 31 9 31 7 30 5 28 3 25 2 21 2 16 2 12 3 9 5 7 8 5 11 4 15 4 20 4 25 5 29 6 32 8 34 11 35 15 36 19 38
20 36 21 35 23 34 26 34 29 34 31 34 32 33 32 31 31 29 29 27 26 26 22 26 19 26 17 26 16 25 15 23 15 20 16 16 18 13 21 11 25 10 28 10 30 10 31 9 31 7 30 5 28 3 25 2 21 2 16 2 12 3 9 5 7 8 5 11 4 15 4 20 4 25 5 29 6 32 8 34 11 35 15 36 20 38
20 36 21 35 23 34 26 34 29 34 31 34 32 33 32 31 31 29 29 27 26 26 22 26 19 26 17 26 16 25 15 23 15 20 16 16 18 13 21 11 25 10 28 10 30 10 31 9 31 7 30 5 28 3 25 2 21 2 16 2 12 3 9 5 7 8 5 11 4 15 4 20 4 25 5 29 6 32 8 34 11 35 14 37 18 38
20 36 21 35 23 34 26 34 29 34 31 34 32 33 32 31 31 29 29 27 26 26 22 26 19 26 17 26 16 25 15 23 15 20 16 16 18 13 21 11 25 10 28 10 30 10 31 9 31 7 30 5 28 3 25 2 21 2 16 2 12 3 9 5 7 8 5 11 4 15 4 20 4 25 5 29 6 32 8 34 11 35 15 37 18 38
20 36 21 35 23 34 26 34 29 34 31 34 32 33 32 31 31 29 29 27 26 26 22 26 19 26 17 26 16 25 15 23 15 20 16 16 18 13 21 11 25 10 28 10 30 10 31 9 31 7 30 5 28 3 25 2 21 2 16 2 12 3 9 5 7 8 5 11 4 15 4 20 4 25 5 29 6 32 8 34 11 35 15 37 19 38
20 36 21 35 23 34 26 34 29 34 31 34 32 33 32 31 31 29 29 27 26 26 22 26 19 26 17 26 16 25 15 23 15 20 16 16 18 13 21 11 25 10 28 10 30 10 31 9 31 7 30 5 28 3 25 2 21 2 16 2 12 3 9 5 7 8 5 11 4 15 4 20 4 25 5 29 6 32 8 34 11 35 15 37 20 38
20 36 21 35 23 34 26 34 29 34 31 34 32 33 32 31 31 29 29 27 26 26 22 26 19 26 17 26 16 25 15 23 15 20 16 16 18 13 21 11 25 10 28 10 30 10 31 9 31 7 30 5 28 3 25 2 21 2 16 2 12 3 9 5 7 8 5 11 4 15 4 20 4 25 5 29 7 32 9 34 12 35 15 35 18 34
20 36 21 35 23 34 26 34 29 34 31 34 32 33 32 31 31 29 29 27 26 26 22 26 19 26 17 26 16 25 15 23 15 20 16 16 18 13 21 11 25 10 28 10 30 10 31 9 31 7 30 5 28 3 25 2 21 2 16 2 12 3 9 5 7 8 5 11 4 15 4 20 4 25 5 29 7 32 9 34 12 35 15 35 19 34
20 36 21 35 23 34 26 34 29 34 31 34 32 33 32 31 31 29 29 27 26 26 22 26 19 26 17 26 16 25 15 23 15 20 16 16 18 13 21 11 25 10 28 10 30 10 31 9 31 7 30 5 28 3 25 2 21 2 16 2 12 3 9 5 7 8 5 11 4 15 4 20 4 25 5 29 7 32 9 34 12 35 15 35 18 35
20 36 21 35 23 34 26 34 29 34 31 34 32 33 32 31 31 29 29 27 26 26 22 26 19 26 17 26 16 25 15 23 15 20 16 16 18 13 21 11 25 10 28 10 30 10 31 9 31 7 30 5 28 3 25 2 21 2 16 2 12 3 9 5 7 8 5 11 4 15 4 20 4 25 5 29 7 32 9 34 12 35 15 35 19 35
20 36 21 35 23 34 26 34 29 34 31 34 32 33 32 31 31 29 29 27 26 26 22 26 19 26 17 26 16 25 15 23 15 20 16 16 18 13 21 11 25 10 28 10 30 10 31 9 31 7 30 5 28 3 25 2 21 2 16 2 12 3 9 5 7 8 5 11 4 15 4 20 4 25 5 29 7 32 9 34 12 35 15 35 18 36
20 36 21 35 23 34 26 34 29 34 31 34 32 33 32 31 31 29 29 27 26 26 22 26 19 26 17 26 16 25 15 23 15 20 16 16 18 13 21 11 25 10 28 10 30 10 31 9 31 7 30 5 28 3 25 2 21 2 16 2 12 3 9 5 7 8 5 11 4 15 4 20 4 25 5 29 7 32 9 34 12 35 15 35 19 36
20 36 21 35 23 34 26 34 29 34 31 34 32 33 32 31 31 29 29 27 26 26 22 26 19 26 17 26 16 25 15 23 15 20 16 16 18 13 21 11 25 10 28 10 30 10 31 9 31 7 30 5 28 3 25 2 21 2 16 2 12 3 9 5 7 8 5 11 4 15 4 20 4 25 5 29 7 32 9 34 12 35 16 35 19 34
20 36 21 35 23 34 26 34 29 34 31 34 32 33 32 31 31 29 29 27 26 26 22 26 19 26 17 26 16 25 15 23 15 20 16 16 18 13 21 11 25 10 28 10 30 10 31 9 31 7 30 5 28 3 25 2 21 2 16 2 12 3 9 5 7 8 5 11 4 15 4 20 4 25 5 29 7 32 9 34 12 35 16 35 20 34
20 36 21 35 23 34 26 34 29 34 31 34 32 33 32 31 31 29 29 27 26 26 22 26 19 26 17 26 16 25 15 23 15 20 16 16 18 13 21 11 25 10 28 10 30 10 31 9 31 7 30 5 28 3 25 2 21 2 16 2 12 3 9 5 7 8 5 11 4 15 4 20 4 25 5 29 7 32 9 34 12 35 16 35 21 34
20 36 21 35 23 34 26 34 29 34 31 34 32 33 32 31 31 29 29 27 26 26 22 26 19 26 17 26 16 25 15 23 15 20 16 16 18 13 21 11 25 10 28 10 30 10 31 9 31 7 30 5 28 3 25 2 21 2 16 2 12 3 9 5 7 8 5 11 4 15 4 20 4 25 5 29 7 32 9 34 12 35 16 35 19 35
20 36 21 35 23 34 26 34 29 34 31 34 32 33 32 31 31 29 29 27 26 26 22 26 19 26 17 26 16 25 15 23 15 20 16 16 18 13 21 11 25 10 28 10 30 10 31 9 31 7 30 5 28 3 25 2 21 2 16 2 12 3 9 5 7 8 5 11 4 15 4 20 4 25 5 29 7 32 9 34 12 35 16 35 20 35
20 36 21 35 23 34 26 34 29 34 31 34 32 33 32 31 31 29 29 27 26 26 22 26 19 26 17 26 16 25 15 23 15 20 16 16 18 13 21 11 25 10 28 10 30 10 31 9 31 7 30 5 28 3 25 2 21 2 16 2 12 3 9 5 7 8 5 11 4 15 4 20 4 25 5 29 7 32 9 34 12 35 16 35 21 35
20 36 21 35 23 34 26 34 29 34 31 34 32 33 32 31 31 29 29 27 26 26 22 26 19 26 17 26 16 25 15 23 15 20 16 16 18 13 21 11 25 10 28 10 30 10 31 9 31 7 30 5 28 3 25 2 21 2 16 2 12 3 9 5 7 8 5 11 4 15 4 20 4 25 5 29 7 32 9 34 12 35 16 35 19 36
20 36 21 35 23 34 26 34 29 34 31 34 32 33 32 31 31 29 29 27 26 26 22 26 19 26 17 26 16 25 15 23 15 20 16 16 18 13 21 11 25 10 28 10 30 10 31 9 31 7 30 5 28 3 25 2 21 2 16 2 12 3 9 5 7 8 5 11 4 15 4 20 4 25 5 29 7 32 9 34 12 35 16 35 20 36
20 36 21 35 23 34 26 34 29 34 31 34 32 33 32 31 31 29 29 27 26 26 22 26 19 26 17 26 16 25 15 23 15 20 16 16 18 13 21 11 25 10 28 10 30 10 31 9 31 7 30 5 28 3 25 2 21 2 16 2 12 3 9 5 7 8 5 11 4 15 4 20 4 25 5 29 7 32 9 34 12 35 16 35 21 36
20 36 21 35 23 34 26 34 29 34 31 34 32 33 32 31 31 29 29 27 26 26 22 26 19 26 17 26 16 25 15 23 15 20 16 16 18 13 21 11 25 10 28 10 30 10 31 9 31 7 30 5 28 3 25 2 21 2 16 2 12 3 9 5 7 8 5 11 4 15 4 20 4 25 5 29 7 32 9 34 12 35 15 36 18 36
20 36 21 35 23 34 26 34 29 34 31 34 32 33 32 31 31 29 29 27 26 26 22 26 19 26 17 26 16 25 15 23 15 20 16 16 18 13 21 11 25 10 28 10 30 10 31 9 31 7 30 5 28 3 25 2 21 2 16 2 12 3 9 5 7 8 5 11 4 15 4 20 4 25 5 29 7 32 9 34 12 35 15 36 19 36
20 36 21 35 23 34 26 34 29 34 31 34 32 33 32 31 31 29 29 27 26 26 22 26 19 26 17 26 16 25 15 23 15 20 16 16 18 13 21 11 25 10 28 10 30 10 31 9 31 7 30 5 28 3 25 2 21 2 16 2 12 3 9 5 7 8 5 11 4 15 4 20 4 25 5 29 7 32 9 34 12 35 15 36 18 37
20 36 21 35 23 34 26 34 29 34 31 34 32 33 32 31 31 29 29 27 26 26 22 26 19 26 17 26 16 25 15 23 15 20 16 16 18 13 21 11 25 10 28 10 30 10 31 9 31 7 30 5 28 3 25 2 21 2 16 2 12 3 9 5 7 8 5 11 4 15 4 20 4 25 5 29 7 32 9 34 12 35 15 36 19 37
20 36 21 35 23 34 26 34 29 34 31 34 32 33 32 31 31 29 29 27 26 26 22 26 19 26 17 26 16 25 15 23 15 20 16 16 18 13 21 11 25 10 28 10 30 10 31 9 31 7 30 5 28 3 25 2 21 2 16 2 12 3 9 5 7 8 5 11 4 15 4 20 4 25 5 29 7 32 9 34 12 35 15 36 18 38
20 36 21 35 23 34 26 34 29 34 31 34 32 33 32 31 31 29 29 27 26 26 22 26 19 26 17 26 16 25 15 23 15 20 16 16 18 13 21 11 25 10 28 10 30 10 31 9 31 7 30 5 28 3 25 2 21 2 16 2 12 3 9 5 7 8 5 11 4 15 4 20 4 25 5 29 7 32 9 34 12 35 15 36 19 38
20 36 21 35 23 34 26 34 29 34 31 34 32 33 32 31 31 29 29 27 26 26 22 26 19 26 17 26 16 25 15 23 15 20 16 16 18 13 21 11 25 10 28 10 30 10 31 9 31 7 30 5 28 3 25 2 21 2 16 2 12 3 9 5 7 8 5 11 4 15 4 20 4 25 5 29 7 32 9 34 12 35 16 36 19 36
20 36 21 35 23 34 26 34 29 34 31 34 32 33 32 31 31 29 29 27 26 26 22 26 19 26 17 26 16 25 15 23 15 20 16 16 18 13 21 11 25 10 28 10 30 10 31 9 31 7 30 5 28 3 25 2 21 2 16 2 12 3 9 5 7 8 5 11 4 15 4 20 4 25 5 29 7 32 9 34 12 35 16 36 20 36
20 36 21 35 23 34 26 34 29 34 31 34 32 33 32 31 31 29 29 27 26 26 22 26 19 26 17 26 16 25 15 23 15 20 16 16 18 13 21 11 25 10 28 10 30 10 31 9 31 7 30 5 28 3 25 2 21 2 16 2 12 3 9 5 7 8 5 11 4 15 4 20 4 25 5 29 7 32 9 34 12 35 16 36 21 36
20 36 21 35 23 34 26 34 29 34 31 34 32 33 32 31 31 29 29 27 26 26 22 26 19 26 17 26 16 25 15 23 15 20 16 16 18 13 21 11 25 10 28 10 30 10 31 9 31 7 30 5 28 3 25 2 21 2 16 2 12 3 9 5 7 8 5 11 4 15 4 20 4 25 5 29 7 32 9 34 12 35 16 36 19 37