100
20 36 21 36 22 36 24 37 27 37 30 36 32 34 33 31 33 27 32 22 32 17 32 12 32 8 32 5 31 3 29 2 26 2 22 2 17 2 13 2 10 3 8 5 7 8 7 12 8 17 8 22 7 27 7 31 8 34 9 36 11 37 14 37 18 36
20 36 21 36 22 36 24 37 27 37 30 36 32 34 33 31 33 27 32 22 32 17 32 12 32 8 32 5 31 3 29 2 26 2 22 2 17 2 13 2 10 3 8 5 7 8 7 12 8 17 8 22 7 27 7 31 8 34 9 36 11 37 14 37 18 37
20 36 21 36 22 36 24 37 27 37 30 36 32 34 33 31 33 27 32 22 32 17 32 12 32 8 32 5 31 3 29 2 26 2 22 2 17 2 13 2 10 3 8 5 7 8 7 12 8 17 8 22 7 27 7 31 8 34 9 36 11 37 14 37 18 38
20 36 21 36 22 36 24 37 27 37 30 36 32 34 33 31 33 27 32 22 32 17 32 12 32 8 32 5 31 3 29 2 26 2 22 2 17 2 13 2 10 3 8 5 7 8 7 12 8 17 8 22 7 27 7 31 8 34 9 36 11 37 14 38 18 38
20 36 21 36 22 36 24 37 27 37 30 36 32 34 33 31 33 27 32 22 32 17 32 12 32 8 32 5 31 3 29 2 26 2 22 2 17 2 13 2 10 3 8 5 7 8 7 12 8 17 8 22 7 27 7 31 8 34 10 36 12 37 15 37 18 36
20 36 21 36 22 36 24 37 27 37 30 36 32 34 33 31 33 27 32 22 32 17 32 12 32 8 32 5 31 3 29 2 26 2 22 2 17 2 13 2 10 3 8 5 7 8 7 12 8 17 8 22 7 27 7 31 8 34 10 36 12 37 15 37 19 36
20 36 21 36 22 36 24 37 27 37 30 36 32 34 33 31 33 27 32 22 32 17 32 12 32 8 32 5 31 3 29 2 26 2 22 2 17 2 13 2 10 3 8 5 7 8 7 12 8 17 8 22 7 27 7 31 8 34 10 36 12 37 15 37 18 37
20 36 21 36 22 36 24 37 27 37 30 36 32 34 33 31 33 27 32 22 32 17 32 12 32 8 32 5 31 3 29 2 26 2 22 2 17 2 13 2 10 3 8 5 7 8 7 12 8 17 8 22 7 27 7 31 8 34 10 36 12 37 15 37 19 37
20 36 21 36 22 36 24 37 27 37 30 36 32 34 33 31 33 27 32 22 32 17 32 12 32 8 32 5 31 3 29 2 26 2 22 2 17 2 13 2 10 3 8 5 7 8 7 12 8 17 8 22 7 27 7 31 8 34 10 36 12 37 15 37 18 38
20 36 21 36 22 36 24 37 27 37 30 36 32 34 33 31 33 27 32 22 32 17 32 12 32 8 32 5 31 3 29 2 26 2 22 2 17 2 13 2 10 3 8 5 7 8 7 12 8 17 8 22 7 27 7 31 8 34 10 36 12 37 15 37 19 38
20 36 21 36 22 36 24 37 27 37 30 36 32 34 33 31 33 27 32 22 32 17 32 12 32 8 32 5 31 3 29 2 26 2 22 2 17 2 13 2 10 3 8 5 7 8 7 12 8 17 8 22 7 27 7 31 8 34 10 36 12 37 15 38 18 38
20 36 21 36 22 36 24 37 27 37 30 36 32 34 33 31 33 27 32 22 32 17 32 12 32 8 32 5 31 3 29 2 26 2 22 2 17 2 13 2 10 3 8 5 7 8 7 12 8 17 8 22 7 27 7 31 8 34 10 36 12 37 15 38 19 38
20 36 21 36 22 36 24 37 27 37 30 36 32 34 33 31 33 27 32 22 32 17 32 12 32 8 32 5 31 3 29 2 26 2 22 2 17 2 13 2 10 3 8 5 7 8 7 12 8 17 8 22 7 27 7 31 8 34 10 36 13 37 15 37 18 36
20 36 21 36 22 36 24 37 27 37 30 36 32 34 33 31 33 27 32 22 32 17 32 12 32 8 32 5 31 3 29 2 26 2 22 2 17 2 13 2 10 3 8 5 7 8 7 12 8 17 8 22 7 27 7 31 8 34 10 36 13 37 15 37 18 37
20 36 21 36 22 36 24 37 27 37 30 36 32 34 33 31 33 27 32 22 32 17 32 12 32 8 32 5 31 3 29 2 26 2 22 2 17 2 13 2 10 3 8 5 7 8 7 12 8 17 8 22 7 27 7 31 8 34 10 36 13 37 15 37 18 38
20 36 21 36 22 36 24 37 27 37 30 36 32 34 33 31 33 27 32 22 32 17 32 12 32 8 32 5 31 3 29 2 26 2 22 2 17 2 13 2 10 3 8 5 7 8 7 12 8 17 8 22 7 27 7 31 8 34 10 36 13 37 16 37 18 36
20 36 21 36 22 36 24 37 27 37 30 36 32 34 33 31 33 27 32 22 32 17 32 12 32 8 32 5 31 3 29 2 26 2 22 2 17 2 13 2 10 3 8 5 7 8 7 12 8 17 8 22 7 27 7 31 8 34 10 36 13 37 16 37 19 36
20 36 21 36 22 36 24 37 27 37 30 36 32 34 33 31 33 27 32 22 32 17 32 12 32 8 32 5 31 3 29 2 26 2 22 2 17 2 13 2 10 3 8 5 7 8 7 12 8 17 8 22 7 27 7 31 8 34 10 36 13 37 16 37 20 36
20 36 21 36 22 36 24 37 27 37 30 36 32 34 33 31 33 27 32 22 32 17 32 12 32 8 32 5 31 3 29 2 26 2 22 2 17 2 13 2 10 3 8 5 7 8 7 12 8 17 8 22 7 27 7 31 8 34 10 36 13 37 16 37 18 37
20 36 21 36 22 36 24 37 27 37 30 36 32 34 33 31 33 27 32 22 32 17 32 12 32 8 32 5 31 3 29 2 26 2 22 2 17 2 13 2 10 3 8 5 7 8 7 12 8 17 8 22 7 27 7 31 8 34 10 36 13 37 16 37 19 37
20 36 21 36 22 36 24 37 27 37 30 36 32 34 33 31 33 27 32 22 32 17 32 12 32 8 32 5 31 3 29 2 26 2 22 2 17 2 13 2 10 3 8 5 7 8 7 12 8 17 8 22 7 27 7 31 8 34 10 36 13 37 16 37 20 37
20 36 21 36 22 36 24 37 27 37 30 36 32 34 33 31 33 27 32 22 32 17 32 12 32 8 32 5 31 3 29 2 26 2 22 2 17 2 13 2 10 3 8 5 7 8 7 12 8 17 8 22 7 27 7 31 8 34 10 36 13 37 16 37 18 38
20 36 21 36 22 36 24 37 27 37 30 36 32 34 33 31 33 27 32 22 32 17 32 12 32 8 32 5 31 3 29 2 26 2 22 2 17 2 13 2 10 3 8 5 7 8 7 12 8 17 8 22 7 27 7 31 8 34 10 36 13 37 16 37 19 38
20 36 21 36 22 36 24 37 27 37 30 36 32 34 33 31 33 27 32 22 32 17 32 12 32 8 32 5 31 3 29 2 26 2 22 2 17 2 13 2 10 3 8 5 7 8 7 12 8 17 8 22 7 27 7 31 8 34 10 36 13 37 16 37 20 38
20 36 21 36 22 36 24 37 27 37 30 36 32 34 33 31 33 27 32 22 32 17 32 12 32 8 32 5 31 3 29 2 26 2 22 2 17 2 13 2 10 3 8 5 7 8 7 12 8 17 8 22 7 27 7 31 8 34 10 36 13 37 17 37 20 36
20 36 21 36 22 36 24 37 27 37 30 36 32 34 33 31 33 27 32 22 32 17 32 12 32 8 32 5 31 3 29 2 26 2 22 2 17 2 13 2 10 3 8 5 7 8 7 12 8 17 8 22 7 27 7 31 8 34 10 36 13 37 17 37 21 36
20 36 21 36 22 36 24 37 27 37 30 36 32 34 33 31 33 27 32 22 32 17 32 12 32 8 32 5 31 3 29 2 26 2 22 2 17 2 13 2 10 3 8 5 7 8 7 12 8 17 8 22 7 27 7 31 8 34 10 36 13 37 17 37 22 36
20 36 21 36 22 36 24 37 27 37 30 36 32 34 33 31 33 27 32 22 32 17 32 12 32 8 32 5 31 3 29 2 26 2 22 2 17 2 13 2 10 3 8 5 7 8 7 12 8 17 8 22 7 27 7 31 8 34 10 36 13 37 17 37 20 37
20 36 21 36 22 36 24 37 27 37 30 36 32 34 33 31 33 27 32 22 32 17 32 12 32 8 32 5 31 3 29 2 26 2 22 2 17 2 13 2 10 3 8 5 7 8 7 12 8 17 8 22 7 27 7 31 8 34 10 36 13 37 17 37 21 37
20 36 21 36 22 36 24 37 27 37 30 36 32 34 33 31 33 27 32 22 32 17 32 12 32 8 32 5 31 3 29 2 26 2 22 2 17 2 13 2 10 3 8 5 7 8 7 12 8 17 8 22 7 27 7 31 8 34 10 36 13 37 17 37 22 37
20 36 21 36 22 36 24 37 27 37 30 36 32 34 33 31 33 27 32 22 32 17 32 12 32 8 32 5 31 3 29 2 26 2 22 2 17 2 13 2 10 3 8 5 7 8 7 12 8 17 8 22 7 27 7 31 8 34 10 36 13 37 17 37 20 38
20 36 21 36 22 36 24 37 27 37 30 36 32 34 33 31 33 27 32 22 32 17 32 12 32 8 32 5 31 3 29 2 26 2 22 2 17 2 13 2 10 3 8 5 7 8 7 12 8 17 8 22 7 27 7 31 8 34 10 36 13 37 17 37 21 38
20 36 21 36 22 36 24 37 27 37 30 36 32 34 33 31 33 27 32 22 32 17 32 12 32 8 32 5 31 3 29 2 26 2 22 2 17 2 13 2 10 3 8 5 7 8 7 12 8 17 8 22 7 27 7 31 8 34 10 36 13 37 17 37 22 38
20 36 21 36 22 36 24 37 27 37 30 36 32 34 33 31 33 27 32 22 32 17 32 12 32 8 32 5 31 3 29 2 26 2 22 2 17 2 13 2 10 3 8 5 7 8 7 12 8 17 8 22 7 27 7 31 8 34 10 36 13 37 15 38 18 38
20 36 21 36 22 36 24 37 27 37 30 36 32 34 33 31 33 27 32 22 32 17 32 12 32 8 32 5 31 3 29 2 26 2 22 2 17 2 13 2 10 3 8 5 7 8 7 12 8 17 8 22 7 27 7 31 8 34 10 36 13 37 16 38 18 38
20 36 21 36 22 36 24 37 27 37 30 36 32 34 33 31 33 27 32 22 32 17 32 12 32 8 32 5 31 3 29 2 26 2 22 2 17 2 13 2 10 3 8 5 7 8 7 12 8 17 8 22 7 27 7 31 8 34 10 36 13 37 16 38 19 38
20 36 21 36 22 36 24 37 27 37 30 36 32 34 33 31 33 27 32 22 32 17 32 12 32 8 32 5 31 3 29 2 26 2 22 2 17 2 13 2 10 3 8 5 7 8 7 12 8 17 8 22 7 27 7 31 8 34 10 36 13 37 16 38 20 38
20 36 21 36 22 36 24 37 27 37 30 36 32 34 33 31 33 27 32 22 32 17 32 12 32 8 32 5 31 3 29 2 26 2 22 2 17 2 13 2 10 3 8 5 7 8 7 12 8 17 8 22 7 27 7 31 8 34 10 36 13 37 17 38 20 38
20 36 21 36 22 36 24 37 27 37 30 36 32 34 33 31 33 27 32 22 32 17 32 12 32 8 32 5 31 3 29 2 26 2 22 2 17 2 13 2 10 3 8 5 7 8 7 12 8 17 8 22 7 27 7 31 8 34 10 36 13 37 17 38 21 38
20 36 21 36 22 36 24 37 27 37 30 36 32 34 33 31 33 27 32 22 32 17 32 12 32 8 32 5 31 3 29 2 26 2 22 2 17 2 13 2 10 3 8 5 7 8 7 12 8 17 8 22 7 27 7 31 8 34 10 36 13 37 17 38 22 38
20 36 21 36 22 36 24 37 27 37 30 36 32 34 33 31 33 27 32 22 32 17 32 12 32 8 32 5 31 3 29 2 26 2 22 2 17 2 13 2 10 3 8 5 7 8 7 12 8 17 8 23 7 28 7 32 8 35 9 37 11 38 14 38 18 37
20 36 21 36 22 36 24 37 27 37 30 36 32 34 33 31 33 27 32 22 32 17 32 12 32 8 32 5 31 3 29 2 26 2 22 2 17 2 13 2 10 3 8 5 7 8 7 12 8 17 8 23 7 28 7 32 8 35 9 37 11 38 14 38 18 38
20 36 21 36 22 36 24 37 27 37 30 36 32 34 33 31 33 27 32 22 32 17 32 12 32 8 32 5 31 3 29 2 26 2 22 2 17 2 13 2 10 3 8 5 7 8 7 12 8 17 8 23 7 28 7 32 8 35 10 37 12 38 15 38 18 37
20 36 21 36 22 36 24 37 27 37 30 36 32 34 33 31 33 27 32 22 32 17 32 12 32 8 32 5 31 3 29 2 26 2 22 2 17 2 13 2 10 3 8 5 7 8 7 12 8 17 8 23 7 28 7 32 8 35 10 37 12 38 15 38 19 37
20 36 21 36 22 36 24 37 27 37 30 36 32 34 33 31 33 27 32 22 32 17 32 12 32 8 32 5 31 3 29 2 26 2 22 2 17 2 13 2 10 3 8 5 7 8 7 12 8 17 8 23 7 28 7 32 8 35 10 37 12 38 15 38 18 38
20 36 21 36 22 36 24 37 27 37 30 36 32 34 33 31 33 27 32 22 32 17 32 12 32 8 32 5 31 3 29 2 26 2 22 2 17 2 13 2 10 3 8 5 7 8 7 12 8 17 8 23 7 28 7 32 8 35 10 37 12 38 15 38 19 38
20 36 21 36 22 36 24 37 27 37 30 36 32 34 33 31 33 27 32 22 32 17 32 12 32 8 32 5 31 3 29 2 26 2 22 2 17 2 13 2 10 3 8 5 7 8 7 12 8 17 8 23 7 28 7 32 8 35 10 37 13 38 15 38 18 37
20 36 21 36 22 36 24 37 27 37 30 36 32 34 33 31 33 27 32 22 32 17 32 12 32 8 32 5 31 3 29 2 26 2 22 2 17 2 13 2 10 3 8 5 7 8 7 12 8 17 8 23 7 28 7 32 8 35 10 37 13 38 15 38 18 38
20 36 21 36 22 36 24 37 27 37 30 36 32 34 33 31 33 27 32 22 32 17 32 12 32 8 32 5 31 3 29 2 26 2 22 2 17 2 13 2 10 3 8 5 7 8 7 12 8 17 8 23 7 28 7 32 8 35 10 37 13 38 16 38 18 37
20 36 21 36 22 36 24 37 27 37 30 36 32 34 33 31 33 27 32 22 32 17 32 12 32 8 32 5 31 3 29 2 26 2 22 2 17 2 13 2 10 3 8 5 7 8 7 12 8 17 8 23 7 28 7 32 8 35 10 37 13 38 16 38 19 37
20 36 21 36 22 36 24 37 27 37 30 36 32 34 33 31 33 27 32 22 32 17 32 12 32 8 32 5 31 3 29 2 26 2 22 2 17 2 13 2 10 3 8 5 7 8 7 12 8 17 8 23 7 28 7 32 8 35 10 37 13 38 16 38 20 37
20 36 21 36 22 36 24 37 27 37 30 36 32 34 33 31 33 27 32 22 32 17 32 12 32 8 32 5 31 3 29 2 26 2 22 2 17 2 13 2 10 3 8 5 7 8 7 12 8 17 8 23 7 28 7 32 8 35 10 37 13 38 16 38 18 38
20 36 21 36 22 36 24 37 27 37 30 36 32 34 33 31 33 27 32 22 32 17 32 12 32 8 32 5 31 3 29 2 26 2 22 2 17 2 13 2 10 3 8 5 7 8 7 12 8 17 8 23 7 28 7 32 8 35 10 37 13 38 16 38 19 38
20 36 21 36 22 36 24 37 27 37 30 36 32 34 33 31 33 27 32 22 32 17 32 12 32 8 32 5 31 3 29 2 26 2 22 2 17 2 13 2 10 3 8 5 7 8 7 12 8 17 8 23 7 28 7 32 8 35 10 37 13 38 16 38 20 38
20 36 21 36 22 36 24 37 27 37 30 36 32 34 33 31 33 27 32 22 32 17 32 12 32 8 32 5 31 3 29 2 26 2 22 2 17 2 13 2 10 3 8 5 7 8 7 12 8 17 8 23 7 28 7 32 8 35 10 37 13 38 17 38 20 37
20 36 21 36 22 36 24 37 27 37 30 36 32 34 33 31 33 27 32 22 32 17 32 12 32 8 32 5 31 3 29 2 26 2 22 2 17 2 13 2 10 3 8 5 7 8 7 12 8 17 8 23 7 28 7 32 8 35 10 37 13 38 17 38 21 37
20 36 21 36 22 36 24 37 27 37 30 36 32 34 33 31 33 27 32 22 32 17 32 12 32 8 32 5 31 3 29 2 26 2 22 2 17 2 13 2 10 3 8 5 7 8 7 12 8 17 8 23 7 28 7 32 8 35 10 37 13 38 17 38 22 37
20 36 21 36 22 36 24 37 27 37 30 36 32 34 33 31 33 27 32 22 32 17 32 12 32 8 32 5 31 3 29 2 26 2 22 2 17 2 13 2 10 3 8 5 7 8 7 12 8 17 8 23 7 28 7 32 8 35 10 37 13 38 17 38 20 38
20 36 21 36 22 36 24 37 27 37 30 36 32 34 33 31 33 27 32 22 32 17 32 12 32 8 32 5 31 3 29 2 26 2 22 2 17 2 13 2 10 3 8 5 7 8 7 12 8 17 8 23 7 28 7 32 8 35 10 37 13 38 17 38 21 38
20 36 21 36 22 36 24 37 27 37 30 36 32 34 33 31 33 27 32 22 32 17 32 12 32 8 32 5 31 3 29 2 26 2 22 2 17 2 13 2 10 3 8 5 7 8 7 12 8 17 8 23 7 28 7 32 8 35 10 37 13 38 17 38 22 38
20 36 21 36 22 36 24 37 27 37 30 36 32 34 33 31 33 27 32 22 32 17 32 12 32 8 32 5 31 3 29 2 26 2 22 2 17 2 13 2 10 3 8 5 7 8 7 11 8 15 8 20 8 25 7 29 7 32 8 34 9 35 11 35 14 34 18 34
20 36 21 36 22 36 24 37 27 37 30 36 32 34 33 31 33 27 32 22 32 17 32 12 32 8 32 5 31 3 29 2 26 2 22 2 17 2 13 2 10 3 8 5 7 8 7 11 8 15 8 20 8 25 7 29 7 32 8 34 9 35 11 35 14 35 18 34
20 36 21 36 22 36 24 37 27 37 30 36 32 34 33 31 33 27 32 22 32 17 32 12 32 8 32 5 31 3 29 2 26 2 22 2 17 2 13 2 10 3 8 5 7 8 7 11 8 15 8 20 8 25 7 29 7 32 8 34 9 35 11 35 14 35 18 35
20 36 21 36 22 36 24 37 27 37 30 36 32 34 33 31 33 27 32 22 32 17 32 12 32 8 32 5 31 3 29 2 26 2 22 2 17 2 13 2 10 3 8 5 7 8 7 11 8 15 8 20 8 25 7 29 7 32 8 34 9 35 11 35 14 35 18 36
20 36 21 36 22 36 24 37 27 37 30 36 32 34 33 31 33 27 32 22 32 17 32 12 32 8 32 5 31 3 29 2 26 2 22 2 17 2 13 2 10 3 8 5 7 8 7 11 8 15 8 20 8 25 7 29 7 32 8 34 9 35 11 35 14 36 18 36
20 36 21 36 22 36 24 37 27 37 30 36 32 34 33 31 33 27 32 22 32 17 32 12 32 8 32 5 31 3 29 2 26 2 22 2 17 2 13 2 10 3 8 5 7 8 7 11 8 15 8 20 8 25 7 29 7 32 8 34 9 35 11 35 14 36 18 37
20 36 21 36 22 36 24 37 27 37 30 36 32 34 33 31 33 27 32 22 32 17 32 12 32 8 32 5 31 3 29 2 26 2 22 2 17 2 13 2 10 3 8 5 7 8 7 11 8 15 8 20 8 25 7 29 7 32 8 34 9 35 11 35 14 36 18 38
20 36 21 36 22 36 24 37 27 37 30 36 32 34 33 31 33 27 32 22 32 17 32 12 32 8 32 5 31 3 29 2 26 2 22 2 17 2 13 2 10 3 8 5 7 8 7 11 8 15 8 20 8 25 7 29 7 32 8 34 9 35 11 36 14 36 18 35
20 36 21 36 22 36 24 37 27 37 30 36 32 34 33 31 33 27 32 22 32 17 32 12 32 8 32 5 31 3 29 2 26 2 22 2 17 2 13 2 10 3 8 5 7 8 7 11 8 15 8 20 8 25 7 29 7 32 8 34 9 35 11 36 14 36 18 36
20 36 21 36 22 36 24 37 27 37 30 36 32 34 33 31 33 27 32 22 32 17 32 12 32 8 32 5 31 3 29 2 26 2 22 2 17 2 13 2 10 3 8 5 7 8 7 11 8 15 8 20 8 25 7 29 7 32 8 34 9 35 11 36 14 36 18 37
20 36 21 36 22 36 24 37 27 37 30 36 32 34 33 31 33 27 32 22 32 17 32 12 32 8 32 5 31 3 29 2 26 2 22 2 17 2 13 2 10 3 8 5 7 8 7 11 8 15 8 20 8 25 7 29 7 32 8 34 9 35 11 36 14 37 18 37
20 36 21 36 22 36 24 37 27 37 30 36 32 34 33 31 33 27 32 22 32 17 32 12 32 8 32 5 31 3 29 2 26 2 22 2 17 2 13 2 10 3 8 5 7 8 7 11 8 15 8 20 8 25 7 29 7 32 8 34 9 35 11 36 14 37 18 38
20 36 21 36 22 36 24 37 27 37 30 36 32 34 33 31 33 27 32 22 32 17 32 12 32 8 32 5 31 3 29 2 26 2 22 2 17 2 13 2 10 3 8 5 7 8 7 11 8 15 8 20 8 25 7 29 7 32 8 34 10 35 12 35 15 34 18 34
20 36 21 36 22 36 24 37 27 37 30 36 32 34 33 31 33 27 32 22 32 17 32 12 32 8 32 5 31 3 29 2 26 2 22 2 17 2 13 2 10 3 8 5 7 8 7 11 8 15 8 20 8 25 7 29 7 32 8 34 10 35 12 35 15 34 19 34
20 36 21 36 22 36 24 37 27 37 30 36 32 34 33 31 33 27 32 22 32 17 32 12 32 8 32 5 31 3 29 2 26 2 22 2 17 2 13 2 10 3 8 5 7 8 7 11 8 15 8 20 8 25 7 29 7 32 8 34 10 35 12 35 15 35 18 34
20 36 21 36 22 36 24 37 27 37 30 36 32 34 33 31 33 27 32 22 32 17 32 12 32 8 32 5 31 3 29 2 26 2 22 2 17 2 13 2 10 3 8 5 7 8 7 11 8 15 8 20 8 25 7 29 7 32 8 34 10 35 12 35 15 35 19 34
20 36 21 36 22 36 24 37 27 37 30 36 32 34 33 31 33 27 32 22 32 17 32 12 32 8 32 5 31 3 29 2 26 2 22 2 17 2 13 2 10 3 8 5 7 8 7 11 8 15 8 20 8 25 7 29 7 32 8 34 10 35 12 35 15 35 18 35
20 36 21 36 22 36 24 37 27 37 30 36 32 34 33 31 33 27 32 22 32 17 32 12 32 8 32 5 31 3 29 2 26 2 22 2 17 2 13 2 10 3 8 5 7 8 7 11 8 15 8 20 8 25 7 29 7 32 8 34 10 35 12 35 15 35 19 35
20 36 21 36 22 36 24 37 27 37 30 36 32 34 33 31 33 27 32 22 32 17 32 12 32 8 32 5 31 3 29 2 26 2 22 2 17 2 13 2 10 3 8 5 7 8 7 11 8 15 8 20 8 25 7 29 7 32 8 34 10 35 12 35 15 35 18 36
20 36 21 36 22 36 24 37 27 37 30 36 32 34 33 31 33 27 32 22 32 17 32 12 32 8 32 5 31 3 29 2 26 2 22 2 17 2 13 2 10 3 8 5 7 8 7 11 8 15 8 20 8 25 7 29 7 32 8 34 10 35 12 35 15 35 19 36
20 36 21 36 22 36 24 37 27 37 30 36 32 34 33 31 33 27 32 22 32 17 32 12 32 8 32 5 31 3 29 2 26 2 22 2 17 2 13 2 10 3 8 5 7 8 7 11 8 15 8 20 8 25 7 29 7 32 8 34 10 35 12 35 15 36 18 36
20 36 21 36 22 36 24 37 27 37 30 36 32 34 33 31 33 27 32 22 32 17 32 12 32 8 32 5 31 3 29 2 26 2 22 2 17 2 13 2 10 3 8 5 7 8 7 11 8 15 8 20 8 25 7 29 7 32 8 34 10 35 12 35 15 36 19 36
20 36 21 36 22 36 24 37 27 37 30 36 32 34 33 31 33 27 32 22 32 17 32 12 32 8 32 5 31 3 29 2 26 2 22 2 17 2 13 2 10 3 8 5 7 8 7 11 8 15 8 20 8 25 7 29 7 32 8 34 10 35 12 35 15 36 18 37
20 36 21 36 22 36 24 37 27 37 30 36 32 34 33 31 33 27 32 22 32 17 32 12 32 8 32 5 31 3 29 2 26 2 22 2 17 2 13 2 10 3 8 5 7 8 7 11 8 15 8 20 8 25 7 29 7 32 8 34 10 35 12 35 15 36 19 37
20 36 21 36 22 36 24 37 27 37 30 36 32 34 33 31 33 27 32 22 32 17 32 12 32 8 32 5 31 3 29 2 26 2 22 2 17 2 13 2 10 3 8 5 7 8 7 11 8 15 8 20 8 25 7 29 7 32 8 34 10 35 12 35 15 36 18 38
20 36 21 36 22 36 24 37 27 37 30 36 32 34 33 31 33 27 32 22 32 17 32 12 32 8 32 5 31 3 29 2 26 2 22 2 17 2 13 2 10 3 8 5 7 8 7 11 8 15 8 20 8 25 7 29 7 32 8 34 10 35 12 35 15 36 19 38
20 36 21 36 22 36 24 37 27 37 30 36 32 34 33 31 33 27 32 22 32 17 32 12 32 8 32 5 31 3 29 2 26 2 22 2 17 2 13 2 10 3 8 5 7 8 7 11 8 15 8 20 8 25 7 29 7 32 8 34 10 35 13 35 15 34 18 34
20 36 21 36 22 36 24 37 27 37 30 36 32 34 33 31 33 27 32 22 32 17 32 12 32 8 32 5 31 3 29 2 26 2 22 2 17 2 13 2 10 3 8 5 7 8 7 11 8 15 8 20 8 25 7 29 7 32 8 34 10 35 13 35 16 34 18 34
20 36 21 36 22 36 24 37 27 37 30 36 32 34 33 31 33 27 32 22 32 17 32 12 32 8 32 5 31 3 29 2 26 2 22 2 17 2 13 2 10 3 8 5 7 8 7 11 8 15 8 20 8 25 7 29 7 32 8 34 10 35 13 35 16 34 19 34
20 36 21 36 22 36 24 37 27 37 30 36 32 34 33 31 33 27 32 22 32 17 32 12 32 8 32 5 31 3 29 2 26 2 22 2 17 2 13 2 10 3 8 5 7 8 7 11 8 15 8 20 8 25 7 29 7 32 8 34 10 35 13 35 16 34 20 34
20 36 21 36 22 36 24 37 27 37 30 36 32 34 33 31 33 27 32 22 32 17 32 12 32 8 32 5 31 3 29 2 26 2 22 2 17 2 13 2 10 3 8 5 7 8 7 11 8 15 8 20 8 25 7 29 7 32 8 34 10 35 13 35 17 34 20 34
20 36 21 36 22 36 24 37 27 37 30 36 32 34 33 31 33 27 32 22 32 17 32 12 32 8 32 5 31 3 29 2 26 2 22 2 17 2 13 2 10 3 8 5 7 8 7 11 8 15 8 20 8 25 7 29 7 32 8 34 10 35 13 35 17 34 21 34
20 36 21 36 22 36 24 37 27 37 30 36 32 34 33 31 33 27 32 22 32 17 32 12 32 8 32 5 31 3 29 2 26 2 22 2 17 2 13 2 10 3 8 5 7 8 7 11 8 15 8 20 8 25 7 29 7 32 8 34 10 35 13 35 17 34 22 34
20 36 21 36 22 36 24 37 27 37 30 36 32 34 33 31 33 27 32 22 32 17 32 12 32 8 32 5 31 3 29 2 26 2 22 2 17 2 13 2 10 3 8 5 7 8 7 11 8 15 8 20 8 25 7 29 7 32 8 34 10 35 13 35 15 35 18 34
20 36 21 36 22 36 24 37 27 37 30 36 32 34 33 31 33 27 32 22 32 17 32 12 32 8 32 5 31 3 29 2 26 2 22 2 17 2 13 2 10 3 8 5 7 8 7 11 8 15 8 20 8 25 7 29 7 32 8 34 10 35 13 35 15 35 18 35
20 36 21 36 22 36 24 37 27 37 30 36 32 34 33 31 33 27 32 22 32 17 32 12 32 8 32 5 31 3 29 2 26 2 22 2 17 2 13 2 10 3 8 5 7 8 7 11 8 15 8 20 8 25 7 29 7 32 8 34 10 35 13 35 15 35 18 36
20 36 21 36 22 36 24 37 27 37 30 36 32 34 33 31 33 27 32 22 32 17 32 12 32 8 32 5 31 3 29 2 26 2 22 2 17 2 13 2 10 3 8 5 7 8 7 11 8 15 8 20 8 25 7 29 7 32 8 34 10 35 13 35 16 35 18 34
20 36 21 36 22 36 24 37 27 37 30 36 32 34 33 31 33 27 32 22 32 17 32 12 32 8 32 5 31 3 29 2 26 2 22 2 17 2 13 2 10 3 8 5 7 8 7 11 8 15 8 20 8 25 7 29 7 32 8 34 10 35 13 35 16 35 19 34
20 36 21 36 22 36 24 37 27 37 30 36 32 34 33 31 33 27 32 22 32 17 32 12 32 8 32 5 31 3 29 2 26 2 22 2 17 2 13 2 10 3 8 5 7 8 7 11 8 15 8 20 8 25 7 29 7 32 8 34 10 35 13 35 16 35 20 34
20 36 21 36 22 36 24 37 27 37 30 36 32 34 33 31 33 27 32 22 32 17 32 12 32 8 32 5 31 3 29 2 26 2 22 2 17 2 13 2 10 3 8 5 7 8 7 11 8 15 8 20 8 25 7 29 7 32 8 34 10 35 13 35 16 35 18 35