100
20 36 21 36 23 37 25 38 28 38 32 37 35 35 37 32 38 28 38 23 38 17 38 12 37 8 35 5 32 3 28 2 23 2 17 2 12 2 8 3 5 5 3 7 2 10 2 14 2 19 3 23 4 26 6 28 9 29 13 30 18 30 22 29 25 27 27 24 28 20 28 16 27 13 25 11 22 10 19 10 16 11 14 13 13 16 13 18 14 19 16 19 18 18 20 18 21 19 21 21 20 23 18 24 15 24 12 23 9 23 7 22 6 20 6 17 7 13 9 10 11 8 14 7 18 6 23 6 27 7 30 9 32 12 33 15 33 19 33 24 32 28 30 31 27 33 23 34 18 34 13 33 9 32 6 31 4 31 3 31 3 32 4 34 6 36 9 37 13 37 18 36
20 36 21 36 23 37 25 38 28 38 32 37 35 35 37 32 38 28 38 23 38 17 38 12 37 8 35 5 32 3 28 2 23 2 17 2 12 2 8 3 5 5 3 7 2 10 2 14 2 19 3 23 4 26 6 28 9 29 13 30 18 30 22 29 25 27 27 24 28 20 28 16 27 13 25 11 22 10 19 10 16 11 14 13 13 16 13 18 14 19 16 19 18 18 20 18 21 19 21 21 20 23 18 24 15 24 12 23 9 23 7 22 6 20 6 17 7 13 9 10 11 8 14 7 18 6 23 6 27 7 30 9 32 12 33 15 33 19 33 24 32 28 30 31 27 33 23 34 18 34 13 33 9 32 6 31 4 31 3 31 3 32 4 34 6 36 9 37 13 37 18 37
20 36 21 36 23 37 25 38 28 38 32 37 35 35 37 32 38 28 38 23 38 17 38 12 37 8 35 5 32 3 28 2 23 2 17 2 12 2 8 3 5 5 3 7 2 10 2 14 2 19 3 23 4 26 6 28 9 29 13 30 18 30 22 29 25 27 27 24 28 20 28 16 27 13 25 11 22 10 19 10 16 11 14 13 13 16 13 18 14 19 16 19 18 18 20 18 21 19 21 21 20 23 18 24 15 24 12 23 9 23 7 22 6 20 6 17 7 13 9 10 11 8 14 7 18 6 23 6 27 7 30 9 32 12 33 15 33 19 33 24 32 28 30 31 27 33 23 34 18 34 13 33 9 32 6 31 4 31 3 31 3 32 4 34 6 36 9 37 13 37 18 38
20 36 21 36 23 37 25 38 28 38 32 37 35 35 37 32 38 28 38 23 38 17 38 12 37 8 35 5 32 3 28 2 23 2 17 2 12 2 8 3 5 5 3 7 2 10 2 14 2 19 3 23 4 26 6 28 9 29 13 30 18 30 22 29 25 27 27 24 28 20 28 16 27 13 25 11 22 10 19 10 16 11 14 13 13 16 13 18 14 19 16 19 18 18 20 18 21 19 21 21 20 23 18 24 15 24 12 23 9 23 7 22 6 20 6 17 7 13 9 10 11 8 14 7 18 6 23 6 27 7 30 9 32 12 33 15 33 19 33 24 32 28 30 31 27 33 23 34 18 34 13 33 9 32 6 31 4 31 3 31 3 32 4 34 6 36 9 37 13 38 18 38
20 36 21 36 23 37 25 38 28 38 32 37 35 35 37 32 38 28 38 23 38 17 38 12 37 8 35 5 32 3 28 2 23 2 17 2 12 2 8 3 5 5 3 7 2 10 2 14 2 19 3 23 4 26 6 28 9 29 13 30 18 30 22 29 25 27 27 24 28 20 28 16 27 13 25 11 22 10 19 10 16 11 14 13 13 16 13 18 14 19 16 19 18 18 20 18 21 19 21 21 20 23 18 24 15 24 12 23 9 23 7 22 6 20 6 17 7 13 9 10 11 8 14 7 18 6 23 6 27 7 30 9 32 12 33 15 33 19 33 24 32 28 30 31 27 33 23 34 18 34 13 33 9 32 6 31 4 31 3 32 3 33 4 35 6 36 9 36 13 35 18 35
20 36 21 36 23 37 25 38 28 38 32 37 35 35 37 32 38 28 38 23 38 17 38 12 37 8 35 5 32 3 28 2 23 2 17 2 12 2 8 3 5 5 3 7 2 10 2 14 2 19 3 23 4 26 6 28 9 29 13 30 18 30 22 29 25 27 27 24 28 20 28 16 27 13 25 11 22 10 19 10 16 11 14 13 13 16 13 18 14 19 16 19 18 18 20 18 21 19 21 21 20 23 18 24 15 24 12 23 9 23 7 22 6 20 6 17 7 13 9 10 11 8 14 7 18 6 23 6 27 7 30 9 32 12 33 15 33 19 33 24 32 28 30 31 27 33 23 34 18 34 13 33 9 32 6 31 4 31 3 32 3 33 4 35 6 36 9 36 13 36 18 35
20 36 21 36 23 37 25 38 28 38 32 37 35 35 37 32 38 28 38 23 38 17 38 12 37 8 35 5 32 3 28 2 23 2 17 2 12 2 8 3 5 5 3 7 2 10 2 14 2 19 3 23 4 26 6 28 9 29 13 30 18 30 22 29 25 27 27 24 28 20 28 16 27 13 25 11 22 10 19 10 16 11 14 13 13 16 13 18 14 19 16 19 18 18 20 18 21 19 21 21 20 23 18 24 15 24 12 23 9 23 7 22 6 20 6 17 7 13 9 10 11 8 14 7 18 6 23 6 27 7 30 9 32 12 33 15 33 19 33 24 32 28 30 31 27 33 23 34 18 34 13 33 9 32 6 31 4 31 3 32 3 33 4 35 6 36 9 36 13 36 18 36
20 36 21 36 23 37 25 38 28 38 32 37 35 35 37 32 38 28 38 23 38 17 38 12 37 8 35 5 32 3 28 2 23 2 17 2 12 2 8 3 5 5 3 7 2 10 2 14 2 19 3 23 4 26 6 28 9 29 13 30 18 30 22 29 25 27 27 24 28 20 28 16 27 13 25 11 22 10 19 10 16 11 14 13 13 16 13 18 14 19 16 19 18 18 20 18 21 19 21 21 20 23 18 24 15 24 12 23 9 23 7 22 6 20 6 17 7 13 9 10 11 8 14 7 18 6 23 6 27 7 30 9 32 12 33 15 33 19 33 24 32 28 30 31 27 33 23 34 18 34 13 33 9 32 6 31 4 31 3 32 3 33 4 35 6 36 9 36 13 36 18 37
20 36 21 36 23 37 25 38 28 38 32 37 35 35 37 32 38 28 38 23 38 17 38 12 37 8 35 5 32 3 28 2 23 2 17 2 12 2 8 3 5 5 3 7 2 10 2 14 2 19 3 23 4 26 6 28 9 29 13 30 18 30 22 29 25 27 27 24 28 20 28 16 27 13 25 11 22 10 19 10 16 11 14 13 13 16 13 18 14 19 16 19 18 18 20 18 21 19 21 21 20 23 18 24 15 24 12 23 9 23 7 22 6 20 6 17 7 13 9 10 11 8 14 7 18 6 23 6 27 7 30 9 32 12 33 15 33 19 33 24 32 28 30 31 27 33 23 34 18 34 13 33 9 32 6 31 4 31 3 32 3 33 4 35 6 36 9 36 13 37 18 37
20 36 21 36 23 37 25 38 28 38 32 37 35 35 37 32 38 28 38 23 38 17 38 12 37 8 35 5 32 3 28 2 23 2 17 2 12 2 8 3 5 5 3 7 2 10 2 14 2 19 3 23 4 26 6 28 9 29 13 30 18 30 22 29 25 27 27 24 28 20 28 16 27 13 25 11 22 10 19 10 16 11 14 13 13 16 13 18 14 19 16 19 18 18 20 18 21 19 21 21 20 23 18 24 15 24 12 23 9 23 7 22 6 20 6 17 7 13 9 10 11 8 14 7 18 6 23 6 27 7 30 9 32 12 33 15 33 19 33 24 32 28 30 31 27 33 23 34 18 34 13 33 9 32 6 31 4 31 3 32 3 33 4 35 6 36 9 36 13 37 18 38
20 36 21 36 23 37 25 38 28 38 32 37 35 35 37 32 38 28 38 23 38 17 38 12 37 8 35 5 32 3 28 2 23 2 17 2 12 2 8 3 5 5 3 7 2 10 2 14 2 19 3 23 4 26 6 28 9 29 13 30 18 30 22 29 25 27 27 24 28 20 28 16 27 13 25 11 22 10 19 10 16 11 14 13 13 16 13 18 14 19 16 19 18 18 20 18 21 19 21 21 20 23 18 24 15 24 12 23 9 23 7 22 6 20 6 17 7 13 9 10 11 8 14 7 18 6 23 6 27 7 30 9 32 12 33 15 33 19 33 24 32 28 30 31 27 33 23 34 18 34 13 33 9 32 6 31 4 31 3 32 3 33 4 35 6 37 9 38 13 38 18 37
20 36 21 36 23 37 25 38 28 38 32 37 35 35 37 32 38 28 38 23 38 17 38 12 37 8 35 5 32 3 28 2 23 2 17 2 12 2 8 3 5 5 3 7 2 10 2 14 2 19 3 23 4 26 6 28 9 29 13 30 18 30 22 29 25 27 27 24 28 20 28 16 27 13 25 11 22 10 19 10 16 11 14 13 13 16 13 18 14 19 16 19 18 18 20 18 21 19 21 21 20 23 18 24 15 24 12 23 9 23 7 22 6 20 6 17 7 13 9 10 11 8 14 7 18 6 23 6 27 7 30 9 32 12 33 15 33 19 33 24 32 28 30 31 27 33 23 34 18 34 13 33 9 32 6 31 4 31 3 32 3 33 4 35 6 37 9 38 13 38 18 38
20 36 21 36 23 37 25 38 28 38 32 37 35 35 37 32 38 28 38 23 38 17 38 12 37 8 35 5 32 3 28 2 23 2 17 2 12 2 8 3 5 5 3 7 2 10 2 14 2 19 3 23 4 26 6 28 9 29 13 30 18 30 22 29 25 27 27 24 28 20 28 16 27 13 25 11 22 10 19 10 16 11 14 13 13 16 13 18 14 19 16 19 18 18 20 18 21 19 21 21 20 23 18 24 15 24 12 23 9 23 7 22 6 20 6 17 7 13 9 10 11 8 14 7 18 6 23 6 27 7 30 9 32 12 33 15 33 19 33 24 32 28 30 31 27 33 23 34 18 34 13 33 9 32 6 31 4 31 3 32 3 34 4 35 6 35 9 35 13 35 18 35
20 36 21 36 23 37 25 38 28 38 32 37 35 35 37 32 38 28 38 23 38 17 38 12 37 8 35 5 32 3 28 2 23 2 17 2 12 2 8 3 5 5 3 7 2 10 2 14 2 19 3 23 4 26 6 28 9 29 13 30 18 30 22 29 25 27 27 24 28 20 28 16 27 13 25 11 22 10 19 10 16 11 14 13 13 16 13 18 14 19 16 19 18 18 20 18 21 19 21 21 20 23 18 24 15 24 12 23 9 23 7 22 6 20 6 17 7 13 9 10 11 8 14 7 18 6 23 6 27 7 30 9 32 12 33 15 33 19 33 24 32 28 30 31 27 33 23 34 18 34 13 33 9 32 6 31 4 31 3 32 3 34 4 35 6 35 9 35 13 35 18 36
20 36 21 36 23 37 25 38 28 38 32 37 35 35 37 32 38 28 38 23 38 17 38 12 37 8 35 5 32 3 28 2 23 2 17 2 12 2 8 3 5 5 3 7 2 10 2 14 2 19 3 23 4 26 6 28 9 29 13 30 18 30 22 29 25 27 27 24 28 20 28 16 27 13 25 11 22 10 19 10 16 11 14 13 13 16 13 18 14 19 16 19 18 18 20 18 21 19 21 21 20 23 18 24 15 24 12 23 9 23 7 22 6 20 6 17 7 13 9 10 11 8 14 7 18 6 23 6 27 7 30 9 32 12 33 15 33 19 33 24 32 28 30 31 27 33 23 34 18 34 13 33 9 32 6 31 4 31 3 32 3 34 4 35 6 35 9 35 13 36 18 36
20 36 21 36 23 37 25 38 28 38 32 37 35 35 37 32 38 28 38 23 38 17 38 12 37 8 35 5 32 3 28 2 23 2 17 2 12 2 8 3 5 5 3 7 2 10 2 14 2 19 3 23 4 26 6 28 9 29 13 30 18 30 22 29 25 27 27 24 28 20 28 16 27 13 25 11 22 10 19 10 16 11 14 13 13 16 13 18 14 19 16 19 18 18 20 18 21 19 21 21 20 23 18 24 15 24 12 23 9 23 7 22 6 20 6 17 7 13 9 10 11 8 14 7 18 6 23 6 27 7 30 9 32 12 33 15 33 19 33 24 32 28 30 31 27 33 23 34 18 34 13 33 9 32 6 31 4 31 3 32 3 34 4 35 6 35 9 35 13 36 18 37
20 36 21 36 23 37 25 38 28 38 32 37 35 35 37 32 38 28 38 23 38 17 38 12 37 8 35 5 32 3 28 2 23 2 17 2 12 2 8 3 5 5 3 7 2 10 2 14 2 19 3 23 4 26 6 28 9 29 13 30 18 30 22 29 25 27 27 24 28 20 28 16 27 13 25 11 22 10 19 10 16 11 14 13 13 16 13 18 14 19 16 19 18 18 20 18 21 19 21 21 20 23 18 24 15 24 12 23 9 23 7 22 6 20 6 17 7 13 9 10 11 8 14 7 18 6 23 6 27 7 30 9 32 12 33 15 33 19 33 24 32 28 30 31 27 33 23 34 18 34 13 33 9 32 6 31 4 31 3 32 3 34 4 35 6 35 9 35 13 36 18 38
20 36 21 36 23 37 25 38 28 38 32 37 35 35 37 32 38 28 38 23 38 17 38 12 37 8 35 5 32 3 28 2 23 2 17 2 12 2 8 3 5 5 3 7 2 10 2 14 2 19 3 23 4 26 6 28 9 29 13 30 18 30 22 29 25 27 27 24 28 20 28 16 27 13 25 11 22 10 19 10 16 11 14 13 13 16 13 18 14 19 16 19 18 18 20 18 21 19 21 21 20 23 18 24 15 24 12 23 9 23 7 22 6 20 6 17 7 13 9 10 11 8 14 7 18 6 23 6 27 7 30 9 32 12 33 15 33 19 33 24 32 28 30 31 27 33 23 34 18 34 13 33 9 32 6 31 4 31 3 32 3 34 4 36 6 37 9 37 13 36 18 35
20 36 21 36 23 37 25 38 28 38 32 37 35 35 37 32 38 28 38 23 38 17 38 12 37 8 35 5 32 3 28 2 23 2 17 2 12 2 8 3 5 5 3 7 2 10 2 14 2 19 3 23 4 26 6 28 9 29 13 30 18 30 22 29 25 27 27 24 28 20 28 16 27 13 25 11 22 10 19 10 16 11 14 13 13 16 13 18 14 19 16 19 18 18 20 18 21 19 21 21 20 23 18 24 15 24 12 23 9 23 7 22 6 20 6 17 7 13 9 10 11 8 14 7 18 6 23 6 27 7 30 9 32 12 33 15 33 19 33 24 32 28 30 31 27 33 23 34 18 34 13 33 9 32 6 31 4 31 3 32 3 34 4 36 6 37 9 37 13 36 18 36
20 36 21 36 23 37 25 38 28 38 32 37 35 35 37 32 38 28 38 23 38 17 38 12 37 8 35 5 32 3 28 2 23 2 17 2 12 2 8 3 5 5 3 7 2 10 2 14 2 19 3 23 4 26 6 28 9 29 13 30 18 30 22 29 25 27 27 24 28 20 28 16 27 13 25 11 22 10 19 10 16 11 14 13 13 16 13 18 14 19 16 19 18 18 20 18 21 19 21 21 20 23 18 24 15 24 12 23 9 23 7 22 6 20 6 17 7 13 9 10 11 8 14 7 18 6 23 6 27 7 30 9 32 12 33 15 33 19 33 24 32 28 30 31 27 33 23 34 18 34 13 33 9 32 6 32 4 32 3 33 3 35 4 37 6 38 9 38 13 37 18 35
20 36 21 36 23 37 25 38 28 38 32 37 35 35 37 32 38 28 38 23 38 17 38 12 37 8 35 5 32 3 28 2 23 2 17 2 12 2 8 3 5 5 3 7 2 10 2 14 2 19 3 23 4 26 6 28 9 29 13 30 18 30 22 29 25 27 27 24 28 20 28 16 27 13 25 11 22 10 19 10 16 11 14 13 13 16 13 18 14 19 16 19 18 18 20 18 21 19 21 21 20 23 18 24 15 24 12 23 9 23 7 22 6 20 6 17 7 13 9 10 11 8 14 7 18 6 23 6 27 7 30 9 32 12 33 15 33 19 33 24 32 28 30 31 27 33 23 34 18 34 13 33 9 32 6 32 4 32 3 33 3 35 4 37 6 38 9 38 13 37 18 36
20 36 21 36 23 37 25 38 28 38 32 37 35 35 37 32 38 28 38 23 38 17 38 12 37 8 35 5 32 3 28 2 23 2 17 2 12 2 8 3 5 5 3 7 2 10 2 14 2 19 3 23 4 26 6 28 9 29 13 30 18 30 22 29 25 27 27 24 28 20 28 16 27 13 25 11 22 10 19 10 16 11 14 13 13 16 13 18 14 19 16 19 18 18 20 18 21 19 21 21 20 23 18 24 15 24 12 23 9 23 7 22 6 20 6 17 7 13 9 10 11 8 14 7 18 6 23 6 27 7 30 9 32 12 33 15 33 19 33 24 32 28 30 31 27 33 23 34 18 34 13 33 9 32 6 32 4 32 3 33 3 35 4 37 6 38 9 38 13 37 18 37
20 36 21 36 23 37 25 38 28 38 32 37 35 35 37 32 38 28 38 23 38 17 38 12 37 8 35 5 32 3 28 2 23 2 17 2 12 2 8 3 5 5 3 7 2 10 2 14 2 19 3 23 4 26 6 28 9 29 13 30 18 30 22 29 25 27 27 24 28 20 28 16 27 13 25 11 22 10 19 10 16 11 14 13 13 16 13 18 14 19 16 19 18 18 20 18 21 19 21 21 20 23 18 24 15 24 12 23 9 23 7 22 6 20 6 17 7 13 9 10 11 8 14 7 18 6 23 6 27 7 30 9 32 12 33 15 33 19 33 24 32 28 30 31 27 33 23 34 18 34 14 33 10 32 7 31 5 31 4 32 4 33 5 35 7 36 10 36 14 35 18 35
20 36 21 36 23 37 25 38 28 38 32 37 35 35 37 32 38 28 38 23 38 17 38 12 37 8 35 5 32 3 28 2 23 2 17 2 12 2 8 3 5 5 3 7 2 10 2 14 2 19 3 23 4 26 6 28 9 29 13 30 18 30 22 29 25 27 27 24 28 20 28 16 27 13 25 11 22 10 19 10 16 11 14 13 13 16 13 18 14 19 16 19 18 18 20 18 21 19 21 21 20 23 18 24 15 24 12 23 9 23 7 22 6 20 6 17 7 13 9 10 11 8 14 7 18 6 23 6 27 7 30 9 32 12 33 15 33 19 33 24 32 28 30 31 27 33 23 34 18 34 14 33 10 32 7 31 5 31 4 32 4 33 5 35 7 36 10 36 14 35 19 35
20 36 21 36 23 37 25 38 28 38 32 37 35 35 37 32 38 28 38 23 38 17 38 12 37 8 35 5 32 3 28 2 23 2 17 2 12 2 8 3 5 5 3 7 2 10 2 14 2 19 3 23 4 26 6 28 9 29 13 30 18 30 22 29 25 27 27 24 28 20 28 16 27 13 25 11 22 10 19 10 16 11 14 13 13 16 13 18 14 19 16 19 18 18 20 18 21 19 21 21 20 23 18 24 15 24 12 23 9 23 7 22 6 20 6 17 7 13 9 10 11 8 14 7 18 6 23 6 27 7 30 9 32 12 33 15 33 19 33 24 32 28 30 31 27 33 23 34 18 34 14 33 10 32 7 31 5 31 4 32 4 33 5 35 7 36 10 36 14 36 18 35
20 36 21 36 23 37 25 38 28 38 32 37 35 35 37 32 38 28 38 23 38 17 38 12 37 8 35 5 32 3 28 2 23 2 17 2 12 2 8 3 5 5 3 7 2 10 2 14 2 19 3 23 4 26 6 28 9 29 13 30 18 30 22 29 25 27 27 24 28 20 28 16 27 13 25 11 22 10 19 10 16 11 14 13 13 16 13 18 14 19 16 19 18 18 20 18 21 19 21 21 20 23 18 24 15 24 12 23 9 23 7 22 6 20 6 17 7 13 9 10 11 8 14 7 18 6 23 6 27 7 30 9 32 12 33 15 33 19 33 24 32 28 30 31 27 33 23 34 18 34 14 33 10 32 7 31 5 31 4 32 4 33 5 35 7 36 10 36 14 36 19 35
20 36 21 36 23 37 25 38 28 38 32 37 35 35 37 32 38 28 38 23 38 17 38 12 37 8 35 5 32 3 28 2 23 2 17 2 12 2 8 3 5 5 3 7 2 10 2 14 2 19 3 23 4 26 6 28 9 29 13 30 18 30 22 29 25 27 27 24 28 20 28 16 27 13 25 11 22 10 19 10 16 11 14 13 13 16 13 18 14 19 16 19 18 18 20 18 21 19 21 21 20 23 18 24 15 24 12 23 9 23 7 22 6 20 6 17 7 13 9 10 11 8 14 7 18 6 23 6 27 7 30 9 32 12 33 15 33 19 33 24 32 28 30 31 27 33 23 34 18 34 14 33 10 32 7 31 5 31 4 32 4 33 5 35 7 36 10 36 14 36 18 36
20 36 21 36 23 37 25 38 28 38 32 37 35 35 37 32 38 28 38 23 38 17 38 12 37 8 35 5 32 3 28 2 23 2 17 2 12 2 8 3 5 5 3 7 2 10 2 14 2 19 3 23 4 26 6 28 9 29 13 30 18 30 22 29 25 27 27 24 28 20 28 16 27 13 25 11 22 10 19 10 16 11 14 13 13 16 13 18 14 19 16 19 18 18 20 18 21 19 21 21 20 23 18 24 15 24 12 23 9 23 7 22 6 20 6 17 7 13 9 10 11 8 14 7 18 6 23 6 27 7 30 9 32 12 33 15 33 19 33 24 32 28 30 31 27 33 23 34 18 34 14 33 10 32 7 31 5 31 4 32 4 33 5 35 7 36 10 36 14 36 19 36
20 36 21 36 23 37 25 38 28 38 32 37 35 35 37 32 38 28 38 23 38 17 38 12 37 8 35 5 32 3 28 2 23 2 17 2 12 2 8 3 5 5 3 7 2 10 2 14 2 19 3 23 4 26 6 28 9 29 13 30 18 30 22 29 25 27 27 24 28 20 28 16 27 13 25 11 22 10 19 10 16 11 14 13 13 16 13 18 14 19 16 19 18 18 20 18 21 19 21 21 20 23 18 24 15 24 12 23 9 23 7 22 6 20 6 17 7 13 9 10 11 8 14 7 18 6 23 6 27 7 30 9 32 12 33 15 33 19 33 24 32 28 30 31 27 33 23 34 18 34 14 33 10 32 7 31 5 31 4 32 4 33 5 35 7 36 10 36 14 36 18 37
20 36 21 36 23 37 25 38 28 38 32 37 35 35 37 32 38 28 38 23 38 17 38 12 37 8 35 5 32 3 28 2 23 2 17 2 12 2 8 3 5 5 3 7 2 10 2 14 2 19 3 23 4 26 6 28 9 29 13 30 18 30 22 29 25 27 27 24 28 20 28 16 27 13 25 11 22 10 19 10 16 11 14 13 13 16 13 18 14 19 16 19 18 18 20 18 21 19 21 21 20 23 18 24 15 24 12 23 9 23 7 22 6 20 6 17 7 13 9 10 11 8 14 7 18 6 23 6 27 7 30 9 32 12 33 15 33 19 33 24 32 28 30 31 27 33 23 34 18 34 14 33 10 32 7 31 5 31 4 32 4 33 5 35 7 36 10 36 14 36 19 37
20 36 21 36 23 37 25 38 28 38 32 37 35 35 37 32 38 28 38 23 38 17 38 12 37 8 35 5 32 3 28 2 23 2 17 2 12 2 8 3 5 5 3 7 2 10 2 14 2 19 3 23 4 26 6 28 9 29 13 30 18 30 22 29 25 27 27 24 28 20 28 16 27 13 25 11 22 10 19 10 16 11 14 13 13 16 13 18 14 19 16 19 18 18 20 18 21 19 21 21 20 23 18 24 15 24 12 23 9 23 7 22 6 20 6 17 7 13 9 10 11 8 14 7 18 6 23 6 27 7 30 9 32 12 33 15 33 19 33 24 32 28 30 31 27 33 23 34 18 34 14 33 10 32 7 31 5 31 4 32 4 33 5 35 7 36 10 36 14 37 18 37
20 36 21 36 23 37 25 38 28 38 32 37 35 35 37 32 38 28 38 23 38 17 38 12 37 8 35 5 32 3 28 2 23 2 17 2 12 2 8 3 5 5 3 7 2 10 2 14 2 19 3 23 4 26 6 28 9 29 13 30 18 30 22 29 25 27 27 24 28 20 28 16 27 13 25 11 22 10 19 10 16 11 14 13 13 16 13 18 14 19 16 19 18 18 20 18 21 19 21 21 20 23 18 24 15 24 12 23 9 23 7 22 6 20 6 17 7 13 9 10 11 8 14 7 18 6 23 6 27 7 30 9 32 12 33 15 33 19 33 24 32 28 30 31 27 33 23 34 18 34 14 33 10 32 7 31 5 31 4 32 4 33 5 35 7 36 10 36 14 37 19 37
20 36 21 36 23 37 25 38 28 38 32 37 35 35 37 32 38 28 38 23 38 17 38 12 37 8 35 5 32 3 28 2 23 2 17 2 12 2 8 3 5 5 3 7 2 10 2 14 2 19 3 23 4 26 6 28 9 29 13 30 18 30 22 29 25 27 27 24 28 20 28 16 27 13 25 11 22 10 19 10 16 11 14 13 13 16 13 18 14 19 16 19 18 18 20 18 21 19 21 21 20 23 18 24 15 24 12 23 9 23 7 22 6 20 6 17 7 13 9 10 11 8 14 7 18 6 23 6 27 7 30 9 32 12 33 15 33 19 33 24 32 28 30 31 27 33 23 34 18 34 14 33 10 32 7 31 5 31 4 32 4 33 5 35 7 36 10 36 14 37 18 38
20 36 21 36 23 37 25 38 28 38 32 37 35 35 37 32 38 28 38 23 38 17 38 12 37 8 35 5 32 3 28 2 23 2 17 2 12 2 8 3 5 5 3 7 2 10 2 14 2 19 3 23 4 26 6 28 9 29 13 30 18 30 22 29 25 27 27 24 28 20 28 16 27 13 25 11 22 10 19 10 16 11 14 13 13 16 13 18 14 19 16 19 18 18 20 18 21 19 21 21 20 23 18 24 15 24 12 23 9 23 7 22 6 20 6 17 7 13 9 10 11 8 14 7 18 6 23 6 27 7 30 9 32 12 33 15 33 19 33 24 32 28 30 31 27 33 23 34 18 34 14 33 10 32 7 31 5 31 4 32 4 33 5 35 7 36 10 36 14 37 19 38
20 36 21 36 23 37 25 38 28 38 32 37 35 35 37 32 38 28 38 23 38 17 38 12 37 8 35 5 32 3 28 2 23 2 17 2 12 2 8 3 5 5 3 7 2 10 2 14 2 19 3 23 4 26 6 28 9 29 13 30 18 30 22 29 25 27 27 24 28 20 28 16 27 13 25 11 22 10 19 10 16 11 14 13 13 16 13 18 14 19 16 19 18 18 20 18 21 19 21 21 20 23 18 24 15 24 12 23 9 23 7 22 6 20 6 17 7 13 9 10 11 8 14 7 18 6 23 6 27 7 30 9 32 12 33 15 33 19 33 24 32 28 30 31 27 33 23 34 18 34 14 33 10 32 7 31 5 31 4 32 4 33 5 35 7 36 10 37 14 37 18 36
20 36 21 36 23 37 25 38 28 38 32 37 35 35 37 32 38 28 38 23 38 17 38 12 37 8 35 5 32 3 28 2 23 2 17 2 12 2 8 3 5 5 3 7 2 10 2 14 2 19 3 23 4 26 6 28 9 29 13 30 18 30 22 29 25 27 27 24 28 20 28 16 27 13 25 11 22 10 19 10 16 11 14 13 13 16 13 18 14 19 16 19 18 18 20 18 21 19 21 21 20 23 18 24 15 24 12 23 9 23 7 22 6 20 6 17 7 13 9 10 11 8 14 7 18 6 23 6 27 7 30 9 32 12 33 15 33 19 33 24 32 28 30 31 27 33 23 34 18 34 14 33 10 32 7 31 5 31 4 32 4 33 5 35 7 36 10 37 14 37 19 36
20 36 21 36 23 37 25 38 28 38 32 37 35 35 37 32 38 28 38 23 38 17 38 12 37 8 35 5 32 3 28 2 23 2 17 2 12 2 8 3 5 5 3 7 2 10 2 14 2 19 3 23 4 26 6 28 9 29 13 30 18 30 22 29 25 27 27 24 28 20 28 16 27 13 25 11 22 10 19 10 16 11 14 13 13 16 13 18 14 19 16 19 18 18 20 18 21 19 21 21 20 23 18 24 15 24 12 23 9 23 7 22 6 20 6 17 7 13 9 10 11 8 14 7 18 6 23 6 27 7 30 9 32 12 33 15 33 19 33 24 32 28 30 31 27 33 23 34 18 34 14 33 10 32 7 31 5 31 4 32 4 33 5 35 7 36 10 37 14 37 18 37
20 36 21 36 23 37 25 38 28 38 32 37 35 35 37 32 38 28 38 23 38 17 38 12 37 8 35 5 32 3 28 2 23 2 17 2 12 2 8 3 5 5 3 7 2 10 2 14 2 19 3 23 4 26 6 28 9 29 13 30 18 30 22 29 25 27 27 24 28 20 28 16 27 13 25 11 22 10 19 10 16 11 14 13 13 16 13 18 14 19 16 19 18 18 20 18 21 19 21 21 20 23 18 24 15 24 12 23 9 23 7 22 6 20 6 17 7 13 9 10 11 8 14 7 18 6 23 6 27 7 30 9 32 12 33 15 33 19 33 24 32 28 30 31 27 33 23 34 18 34 14 33 10 32 7 31 5 31 4 32 4 33 5 35 7 36 10 37 14 37 19 37
20 36 21 36 23 37 25 38 28 38 32 37 35 35 37 32 38 28 38 23 38 17 38 12 37 8 35 5 32 3 28 2 23 2 17 2 12 2 8 3 5 5 3 7 2 10 2 14 2 19 3 23 4 26 6 28 9 29 13 30 18 30 22 29 25 27 27 24 28 20 28 16 27 13 25 11 22 10 19 10 16 11 14 13 13 16 13 18 14 19 16 19 18 18 20 18 21 19 21 21 20 23 18 24 15 24 12 23 9 23 7 22 6 20 6 17 7 13 9 10 11 8 14 7 18 6 23 6 27 7 30 9 32 12 33 15 33 19 33 24 32 28 30 31 27 33 23 34 18 34 14 33 10 32 7 31 5 31 4 32 4 33 5 35 7 36 10 37 14 37 18 38
20 36 21 36 23 37 25 38 28 38 32 37 35 35 37 32 38 28 38 23 38 17 38 12 37 8 35 5 32 3 28 2 23 2 17 2 12 2 8 3 5 5 3 7 2 10 2 14 2 19 3 23 4 26 6 28 9 29 13 30 18 30 22 29 25 27 27 24 28 20 28 16 27 13 25 11 22 10 19 10 16 11 14 13 13 16 13 18 14 19 16 19 18 18 20 18 21 19 21 21 20 23 18 24 15 24 12 23 9 23 7 22 6 20 6 17 7 13 9 10 11 8 14 7 18 6 23 6 27 7 30 9 32 12 33 15 33 19 33 24 32 28 30 31 27 33 23 34 18 34 14 33 10 32 7 31 5 31 4 32 4 33 5 35 7 36 10 37 14 37 19 38
20 36 21 36 23 37 25 38 28 38 32 37 35 35 37 32 38 28 38 23 38 17 38 12 37 8 35 5 32 3 28 2 23 2 17 2 12 2 8 3 5 5 3 7 2 10 2 14 2 19 3 23 4 26 6 28 9 29 13 30 18 30 22 29 25 27 27 24 28 20 28 16 27 13 25 11 22 10 19 10 16 11 14 13 13 16 13 18 14 19 16 19 18 18 20 18 21 19 21 21 20 23 18 24 15 24 12 23 9 23 7 22 6 20 6 17 7 13 9 10 11 8 14 7 18 6 23 6 27 7 30 9 32 12 33 15 33 19 33 24 32 28 30 31 27 33 23 34 18 34 14 33 10 32 7 31 5 31 4 32 4 33 5 35 7 36 10 37 14 38 18 38
20 36 21 36 23 37 25 38 28 38 32 37 35 35 37 32 38 28 38 23 38 17 38 12 37 8 35 5 32 3 28 2 23 2 17 2 12 2 8 3 5 5 3 7 2 10 2 14 2 19 3 23 4 26 6 28 9 29 13 30 18 30 22 29 25 27 27 24 28 20 28 16 27 13 25 11 22 10 19 10 16 11 14 13 13 16 13 18 14 19 16 19 18 18 20 18 21 19 21 21 20 23 18 24 15 24 12 23 9 23 7 22 6 20 6 17 7 13 9 10 11 8 14 7 18 6 23 6 27 7 30 9 32 12 33 15 33 19 33 24 32 28 30 31 27 33 23 34 18 34 14 33 10 32 7 31 5 31 4 32 4 33 5 35 7 36 10 37 14 38 19 38
20 36 21 36 23 37 25 38 28 38 32 37 35 35 37 32 38 28 38 23 38 17 38 12 37 8 35 5 32 3 28 2 23 2 17 2 12 2 8 3 5 5 3 7 2 10 2 14 2 19 3 23 4 26 6 28 9 29 13 30 18 30 22 29 25 27 27 24 28 20 28 16 27 13 25 11 22 10 19 10 16 11 14 13 13 16 13 18 14 19 16 19 18 18 20 18 21 19 21 21 20 23 18 24 15 24 12 23 9 23 7 22 6 20 6 17 7 13 9 10 11 8 14 7 18 6 23 6 27 7 30 9 32 12 33 15 33 19 33 24 32 28 30 31 27 33 23 34 18 34 14 33 10 32 7 31 5 31 4 32 4 33 5 35 7 37 10 38 14 38 18 37
20 36 21 36 23 37 25 38 28 38 32 37 35 35 37 32 38 28 38 23 38 17 38 12 37 8 35 5 32 3 28 2 23 2 17 2 12 2 8 3 5 5 3 7 2 10 2 14 2 19 3 23 4 26 6 28 9 29 13 30 18 30 22 29 25 27 27 24 28 20 28 16 27 13 25 11 22 10 19 10 16 11 14 13 13 16 13 18 14 19 16 19 18 18 20 18 21 19 21 21 20 23 18 24 15 24 12 23 9 23 7 22 6 20 6 17 7 13 9 10 11 8 14 7 18 6 23 6 27 7 30 9 32 12 33 15 33 19 33 24 32 28 30 31 27 33 23 34 18 34 14 33 10 32 7 31 5 31 4 32 4 33 5 35 7 37 10 38 14 38 19 37
20 36 21 36 23 37 25 38 28 38 32 37 35 35 37 32 38 28 38 23 38 17 38 12 37 8 35 5 32 3 28 2 23 2 17 2 12 2 8 3 5 5 3 7 2 10 2 14 2 19 3 23 4 26 6 28 9 29 13 30 18 30 22 29 25 27 27 24 28 20 28 16 27 13 25 11 22 10 19 10 16 11 14 13 13 16 13 18 14 19 16 19 18 18 20 18 21 19 21 21 20 23 18 24 15 24 12 23 9 23 7 22 6 20 6 17 7 13 9 10 11 8 14 7 18 6 23 6 27 7 30 9 32 12 33 15 33 19 33 24 32 28 30 31 27 33 23 34 18 34 14 33 10 32 7 31 5 31 4 32 4 33 5 35 7 37 10 38 14 38 18 38
20 36 21 36 23 37 25 38 28 38 32 37 35 35 37 32 38 28 38 23 38 17 38 12 37 8 35 5 32 3 28 2 23 2 17 2 12 2 8 3 5 5 3 7 2 10 2 14 2 19 3 23 4 26 6 28 9 29 13 30 18 30 22 29 25 27 27 24 28 20 28 16 27 13 25 11 22 10 19 10 16 11 14 13 13 16 13 18 14 19 16 19 18 18 20 18 21 19 21 21 20 23 18 24 15 24 12 23 9 23 7 22 6 20 6 17 7 13 9 10 11 8 14 7 18 6 23 6 27 7 30 9 32 12 33 15 33 19 33 24 32 28 30 31 27 33 23 34 18 34 14 33 10 32 7 31 5 31 4 32 4 33 5 35 7 37 10 38 14 38 19 38
20 36 21 36 23 37 25 38 28 38 32 37 35 35 37 32 38 28 38 23 38 17 38 12 37 8 35 5 32 3 28 2 23 2 17 2 12 2 8 3 5 5 3 7 2 10 2 14 2 19 3 23 4 26 6 28 9 29 13 30 18 30 22 29 25 27 27 24 28 20 28 16 27 13 25 11 22 10 19 10 16 11 14 13 13 16 13 18 14 19 16 19 18 18 20 18 21 19 21 21 20 23 18 24 15 24 12 23 9 23 7 22 6 20 6 17 7 13 9 10 11 8 14 7 18 6 23 6 27 7 30 9 32 12 33 15 33 19 33 24 32 28 30 31 27 33 23 34 18 34 14 33 10 32 7 31 5 31 4 32 4 34 5 35 7 35 10 35 14 35 18 35
20 36 21 36 23 37 25 38 28 38 32 37 35 35 37 32 38 28 38 23 38 17 38 12 37 8 35 5 32 3 28 2 23 2 17 2 12 2 8 3 5 5 3 7 2 10 2 14 2 19 3 23 4 26 6 28 9 29 13 30 18 30 22 29 25 27 27 24 28 20 28 16 27 13 25 11 22 10 19 10 16 11 14 13 13 16 13 18 14 19 16 19 18 18 20 18 21 19 21 21 20 23 18 24 15 24 12 23 9 23 7 22 6 20 6 17 7 13 9 10 11 8 14 7 18 6 23 6 27 7 30 9 32 12 33 15 33 19 33 24 32 28 30 31 27 33 23 34 18 34 14 33 10 32 7 31 5 31 4 32 4 34 5 35 7 35 10 35 14 35 19 35
20 36 21 36 23 37 25 38 28 38 32 37 35 35 37 32 38 28 38 23 38 17 38 12 37 8 35 5 32 3 28 2 23 2 17 2 12 2 8 3 5 5 3 7 2 10 2 14 2 19 3 23 4 26 6 28 9 29 13 30 18 30 22 29 25 27 27 24 28 20 28 16 27 13 25 11 22 10 19 10 16 11 14 13 13 16 13 18 14 19 16 19 18 18 20 18 21 19 21 21 20 23 18 24 15 24 12 23 9 23 7 22 6 20 6 17 7 13 9 10 11 8 14 7 18 6 23 6 27 7 30 9 32 12 33 15 33 19 33 24 32 28 30 31 27 33 23 34 18 34 14 33 10 32 7 31 5 31 4 32 4 34 5 35 7 35 10 35 14 35 18 36
20 36 21 36 23 37 25 38 28 38 32 37 35 35 37 32 38 28 38 23 38 17 38 12 37 8 35 5 32 3 28 2 23 2 17 2 12 2 8 3 5 5 3 7 2 10 2 14 2 19 3 23 4 26 6 28 9 29 13 30 18 30 22 29 25 27 27 24 28 20 28 16 27 13 25 11 22 10 19 10 16 11 14 13 13 16 13 18 14 19 16 19 18 18 20 18 21 19 21 21 20 23 18 24 15 24 12 23 9 23 7 22 6 20 6 17 7 13 9 10 11 8 14 7 18 6 23 6 27 7 30 9 32 12 33 15 33 19 33 24 32 28 30 31 27 33 23 34 18 34 14 33 10 32 7 31 5 31 4 32 4 34 5 35 7 35 10 35 14 35 19 36
20 36 21 36 23 37 25 38 28 38 32 37 35 35 37 32 38 28 38 23 38 17 38 12 37 8 35 5 32 3 28 2 23 2 17 2 12 2 8 3 5 5 3 7 2 10 2 14 2 19 3 23 4 26 6 28 9 29 13 30 18 30 22 29 25 27 27 24 28 20 28 16 27 13 25 11 22 10 19 10 16 11 14 13 13 16 13 18 14 19 16 19 18 18 20 18 21 19 21 21 20 23 18 24 15 24 12 23 9 23 7 22 6 20 6 17 7 13 9 10 11 8 14 7 18 6 23 6 27 7 30 9 32 12 33 15 33 19 33 24 32 28 30 31 27 33 23 34 18 34 14 33 10 32 7 31 5 31 4 32 4 34 5 35 7 35 10 35 14 36 18 36
20 36 21 36 23 37 25 38 28 38 32 37 35 35 37 32 38 28 38 23 38 17 38 12 37 8 35 5 32 3 28 2 23 2 17 2 12 2 8 3 5 5 3 7 2 10 2 14 2 19 3 23 4 26 6 28 9 29 13 30 18 30 22 29 25 27 27 24 28 20 28 16 27 13 25 11 22 10 19 10 16 11 14 13 13 16 13 18 14 19 16 19 18 18 20 18 21 19 21 21 20 23 18 24 15 24 12 23 9 23 7 22 6 20 6 17 7 13 9 10 11 8 14 7 18 6 23 6 27 7 30 9 32 12 33 15 33 19 33 24 32 28 30 31 27 33 23 34 18 34 14 33 10 32 7 31 5 31 4 32 4 34 5 35 7 35 10 35 14 36 19 36
20 36 21 36 23 37 25 38 28 38 32 37 35 35 37 32 38 28 38 23 38 17 38 12 37 8 35 5 32 3 28 2 23 2 17 2 12 2 8 3 5 5 3 7 2 10 2 14 2 19 3 23 4 26 6 28 9 29 13 30 18 30 22 29 25 27 27 24 28 20 28 16 27 13 25 11 22 10 19 10 16 11 14 13 13 16 13 18 14 19 16 19 18 18 20 18 21 19 21 21 20 23 18 24 15 24 12 23 9 23 7 22 6 20 6 17 7 13 9 10 11 8 14 7 18 6 23 6 27 7 30 9 32 12 33 15 33 19 33 24 32 28 30 31 27 33 23 34 18 34 14 33 10 32 7 31 5 31 4 32 4 34 5 35 7 35 10 35 14 36 18 37
20 36 21 36 23 37 25 38 28 38 32 37 35 35 37 32 38 28 38 23 38 17 38 12 37 8 35 5 32 3 28 2 23 2 17 2 12 2 8 3 5 5 3 7 2 10 2 14 2 19 3 23 4 26 6 28 9 29 13 30 18 30 22 29 25 27 27 24 28 20 28 16 27 13 25 11 22 10 19 10 16 11 14 13 13 16 13 18 14 19 16 19 18 18 20 18 21 19 21 21 20 23 18 24 15 24 12 23 9 23 7 22 6 20 6 17 7 13 9 10 11 8 14 7 18 6 23 6 27 7 30 9 32 12 33 15 33 19 33 24 32 28 30 31 27 33 23 34 18 34 14 33 10 32 7 31 5 31 4 32 4 34 5 35 7 35 10 35 14 36 19 37
20 36 21 36 23 37 25 38 28 38 32 37 35 35 37 32 38 28 38 23 38 17 38 12 37 8 35 5 32 3 28 2 23 2 17 2 12 2 8 3 5 5 3 7 2 10 2 14 2 19 3 23 4 26 6 28 9 29 13 30 18 30 22 29 25 27 27 24 28 20 28 16 27 13 25 11 22 10 19 10 16 11 14 13 13 16 13 18 14 19 16 19 18 18 20 18 21 19 21 21 20 23 18 24 15 24 12 23 9 23 7 22 6 20 6 17 7 13 9 10 11 8 14 7 18 6 23 6 27 7 30 9 32 12 33 15 33 19 33 24 32 28 30 31 27 33 23 34 18 34 14 33 10 32 7 31 5 31 4 32 4 34 5 35 7 35 10 35 14 36 18 38
20 36 21 36 23 37 25 38 28 38 32 37 35 35 37 32 38 28 38 23 38 17 38 12 37 8 35 5 32 3 28 2 23 2 17 2 12 2 8 3 5 5 3 7 2 10 2 14 2 19 3 23 4 26 6 28 9 29 13 30 18 30 22 29 25 27 27 24 28 20 28 16 27 13 25 11 22 10 19 10 16 11 14 13 13 16 13 18 14 19 16 19 18 18 20 18 21 19 21 21 20 23 18 24 15 24 12 23 9 23 7 22 6 20 6 17 7 13 9 10 11 8 14 7 18 6 23 6 27 7 30 9 32 12 33 15 33 19 33 24 32 28 30 31 27 33 23 34 18 34 14 33 10 32 7 31 5 31 4 32 4 34 5 35 7 35 10 35 14 36 19 38
20 36 21 36 23 37 25 38 28 38 32 37 35 35 37 32 38 28 38 23 38 17 38 12 37 8 35 5 32 3 28 2 23 2 17 2 12 2 8 3 5 5 3 7 2 10 2 14 2 19 3 23 4 26 6 28 9 29 13 30 18 30 22 29 25 27 27 24 28 20 28 16 27 13 25 11 22 10 19 10 16 11 14 13 13 16 13 18 14 19 16 19 18 18 20 18 21 19 21 21 20 23 18 24 15 24 12 23 9 23 7 22 6 20 6 17 7 13 9 10 11 8 14 7 18 6 23 6 27 7 30 9 32 12 33 15 33 19 33 24 32 28 30 31 27 33 23 34 18 34 14 33 10 32 7 31 5 31 4 32 4 34 5 36 7 37 10 37 14 36 18 35
20 36 21 36 23 37 25 38 28 38 32 37 35 35 37 32 38 28 38 23 38 17 38 12 37 8 35 5 32 3 28 2 23 2 17 2 12 2 8 3 5 5 3 7 2 10 2 14 2 19 3 23 4 26 6 28 9 29 13 30 18 30 22 29 25 27 27 24 28 20 28 16 27 13 25 11 22 10 19 10 16 11 14 13 13 16 13 18 14 19 16 19 18 18 20 18 21 19 21 21 20 23 18 24 15 24 12 23 9 23 7 22 6 20 6 17 7 13 9 10 11 8 14 7 18 6 23 6 27 7 30 9 32 12 33 15 33 19 33 24 32 28 30 31 27 33 23 34 18 34 14 33 10 32 7 31 5 31 4 32 4 34 5 36 7 37 10 37 14 36 19 35
20 36 21 36 23 37 25 38 28 38 32 37 35 35 37 32 38 28 38 23 38 17 38 12 37 8 35 5 32 3 28 2 23 2 17 2 12 2 8 3 5 5 3 7 2 10 2 14 2 19 3 23 4 26 6 28 9 29 13 30 18 30 22 29 25 27 27 24 28 20 28 16 27 13 25 11 22 10 19 10 16 11 14 13 13 16 13 18 14 19 16 19 18 18 20 18 21 19 21 21 20 23 18 24 15 24 12 23 9 23 7 22 6 20 6 17 7 13 9 10 11 8 14 7 18 6 23 6 27 7 30 9 32 12 33 15 33 19 33 24 32 28 30 31 27 33 23 34 18 34 14 33 10 32 7 31 5 31 4 32 4 34 5 36 7 37 10 37 14 36 18 36
20 36 21 36 23 37 25 38 28 38 32 37 35 35 37 32 38 28 38 23 38 17 38 12 37 8 35 5 32 3 28 2 23 2 17 2 12 2 8 3 5 5 3 7 2 10 2 14 2 19 3 23 4 26 6 28 9 29 13 30 18 30 22 29 25 27 27 24 28 20 28 16 27 13 25 11 22 10 19 10 16 11 14 13 13 16 13 18 14 19 16 19 18 18 20 18 21 19 21 21 20 23 18 24 15 24 12 23 9 23 7 22 6 20 6 17 7 13 9 10 11 8 14 7 18 6 23 6 27 7 30 9 32 12 33 15 33 19 33 24 32 28 30 31 27 33 23 34 18 34 14 33 10 32 7 31 5 31 4 32 4 34 5 36 7 37 10 37 14 36 19 36
20 36 21 36 23 37 25 38 28 38 32 37 35 35 37 32 38 28 38 23 38 17 38 12 37 8 35 5 32 3 28 2 23 2 17 2 12 2 8 3 5 5 3 7 2 10 2 14 2 19 3 23 4 26 6 28 9 29 13 30 18 30 22 29 25 27 27 24 28 20 28 16 27 13 25 11 22 10 19 10 16 11 14 13 13 16 13 18 14 19 16 19 18 18 20 18 21 19 21 21 20 23 18 24 15 24 12 23 9 23 7 22 6 20 6 17 7 13 9 10 11 8 14 7 18 6 23 6 27 7 30 9 32 12 33 15 33 19 33 24 32 28 30 31 27 33 23 34 18 34 14 33 10 32 7 32 5 32 4 33 4 35 5 37 7 38 10 38 14 37 18 35
20 36 21 36 23 37 25 38 28 38 32 37 35 35 37 32 38 28 38 23 38 17 38 12 37 8 35 5 32 3 28 2 23 2 17 2 12 2 8 3 5 5 3 7 2 10 2 14 2 19 3 23 4 26 6 28 9 29 13 30 18 30 22 29 25 27 27 24 28 20 28 16 27 13 25 11 22 10 19 10 16 11 14 13 13 16 13 18 14 19 16 19 18 18 20 18 21 19 21 21 20 23 18 24 15 24 12 23 9 23 7 22 6 20 6 17 7 13 9 10 11 8 14 7 18 6 23 6 27 7 30 9 32 12 33 15 33 19 33 24 32 28 30 31 27 33 23 34 18 34 14 33 10 32 7 32 5 32 4 33 4 35 5 37 7 38 10 38 14 37 19 35
20 36 21 36 23 37 25 38 28 38 32 37 35 35 37 32 38 28 38 23 38 17 38 12 37 8 35 5 32 3 28 2 23 2 17 2 12 2 8 3 5 5 3 7 2 10 2 14 2 19 3 23 4 26 6 28 9 29 13 30 18 30 22 29 25 27 27 24 28 20 28 16 27 13 25 11 22 10 19 10 16 11 14 13 13 16 13 18 14 19 16 19 18 18 20 18 21 19 21 21 20 23 18 24 15 24 12 23 9 23 7 22 6 20 6 17 7 13 9 10 11 8 14 7 18 6 23 6 27 7 30 9 32 12 33 15 33 19 33 24 32 28 30 31 27 33 23 34 18 34 14 33 10 32 7 32 5 32 4 33 4 35 5 37 7 38 10 38 14 37 18 36
20 36 21 36 23 37 25 38 28 38 32 37 35 35 37 32 38 28 38 23 38 17 38 12 37 8 35 5 32 3 28 2 23 2 17 2 12 2 8 3 5 5 3 7 2 10 2 14 2 19 3 23 4 26 6 28 9 29 13 30 18 30 22 29 25 27 27 24 28 20 28 16 27 13 25 11 22 10 19 10 16 11 14 13 13 16 13 18 14 19 16 19 18 18 20 18 21 19 21 21 20 23 18 24 15 24 12 23 9 23 7 22 6 20 6 17 7 13 9 10 11 8 14 7 18 6 23 6 27 7 30 9 32 12 33 15 33 19 33 24 32 28 30 31 27 33 23 34 18 34 14 33 10 32 7 32 5 32 4 33 4 35 5 37 7 38 10 38 14 37 19 36
20 36 21 36 23 37 25 38 28 38 32 37 35 35 37 32 38 28 38 23 38 17 38 12 37 8 35 5 32 3 28 2 23 2 17 2 12 2 8 3 5 5 3 7 2 10 2 14 2 19 3 23 4 26 6 28 9 29 13 30 18 30 22 29 25 27 27 24 28 20 28 16 27 13 25 11 22 10 19 10 16 11 14 13 13 16 13 18 14 19 16 19 18 18 20 18 21 19 21 21 20 23 18 24 15 24 12 23 9 23 7 22 6 20 6 17 7 13 9 10 11 8 14 7 18 6 23 6 27 7 30 9 32 12 33 15 33 19 33 24 32 28 30 31 27 33 23 34 18 34 14 33 10 32 7 32 5 32 4 33 4 35 5 37 7 38 10 38 14 37 18 37
20 36 21 36 23 37 25 38 28 38 32 37 35 35 37 32 38 28 38 23 38 17 38 12 37 8 35 5 32 3 28 2 23 2 17 2 12 2 8 3 5 5 3 7 2 10 2 14 2 19 3 23 4 26 6 28 9 29 13 30 18 30 22 29 25 27 27 24 28 20 28 16 27 13 25 11 22 10 19 10 16 11 14 13 13 16 13 18 14 19 16 19 18 18 20 18 21 19 21 21 20 23 18 24 15 24 12 23 9 23 7 22 6 20 6 17 7 13 9 10 11 8 14 7 18 6 23 6 27 7 30 9 32 12 33 15 33 19 33 24 32 28 30 31 27 33 23 34 18 34 14 33 10 32 7 32 5 32 4 33 4 35 5 37 7 38 10 38 14 37 19 37
20 36 21 36 23 37 25 38 28 38 32 37 35 35 37 32 38 28 38 23 38 17 38 12 37 8 35 5 32 3 28 2 23 2 17 2 12 2 8 3 5 5 3 7 2 10 2 14 2 19 3 23 4 26 6 28 9 29 13 30 18 30 22 29 25 27 27 24 28 20 28 16 27 13 25 11 22 10 19 10 16 11 14 13 13 16 13 18 14 19 16 19 18 18 20 18 21 19 21 21 20 23 18 24 15 24 12 23 9 23 7 22 6 20 6 17 7 13 9 10 11 8 14 7 18 6 23 6 27 7 30 9 32 12 33 15 33 19 33 24 32 28 30 31 27 33 23 34 18 34 14 33 11 32 8 32 6 32 5 33 5 35 6 36 8 36 11 35 14 35 18 35
20 36 21 36 23 37 25 38 28 38 32 37 35 35 37 32 38 28 38 23 38 17 38 12 37 8 35 5 32 3 28 2 23 2 17 2 12 2 8 3 5 5 3 7 2 10 2 14 2 19 3 23 4 26 6 28 9 29 13 30 18 30 22 29 25 27 27 24 28 20 28 16 27 13 25 11 22 10 19 10 16 11 14 13 13 16 13 18 14 19 16 19 18 18 20 18 21 19 21 21 20 23 18 24 15 24 12 23 9 23 7 22 6 20 6 17 7 13 9 10 11 8 14 7 18 6 23 6 27 7 30 9 32 12 33 15 33 19 33 24 32 28 30 31 27 33 23 34 18 34 14 33 11 32 8 32 6 32 5 33 5 35 6 36 8 36 11 35 14 35 18 36
20 36 21 36 23 37 25 38 28 38 32 37 35 35 37 32 38 28 38 23 38 17 38 12 37 8 35 5 32 3 28 2 23 2 17 2 12 2 8 3 5 5 3 7 2 10 2 14 2 19 3 23 4 26 6 28 9 29 13 30 18 30 22 29 25 27 27 24 28 20 28 16 27 13 25 11 22 10 19 10 16 11 14 13 13 16 13 18 14 19 16 19 18 18 20 18 21 19 21 21 20 23 18 24 15 24 12 23 9 23 7 22 6 20 6 17 7 13 9 10 11 8 14 7 18 6 23 6 27 7 30 9 32 12 33 15 33 19 33 24 32 28 30 31 27 33 23 34 18 34 14 33 11 32 8 32 6 32 5 33 5 35 6 36 8 36 11 35 15 35 18 35
20 36 21 36 23 37 25 38 28 38 32 37 35 35 37 32 38 28 38 23 38 17 38 12 37 8 35 5 32 3 28 2 23 2 17 2 12 2 8 3 5 5 3 7 2 10 2 14 2 19 3 23 4 26 6 28 9 29 13 30 18 30 22 29 25 27 27 24 28 20 28 16 27 13 25 11 22 10 19 10 16 11 14 13 13 16 13 18 14 19 16 19 18 18 20 18 21 19 21 21 20 23 18 24 15 24 12 23 9 23 7 22 6 20 6 17 7 13 9 10 11 8 14 7 18 6 23 6 27 7 30 9 32 12 33 15 33 19 33 24 32 28 30 31 27 33 23 34 18 34 14 33 11 32 8 32 6 32 5 33 5 35 6 36 8 36 11 35 15 35 19 35
20 36 21 36 23 37 25 38 28 38 32 37 35 35 37 32 38 28 38 23 38 17 38 12 37 8 35 5 32 3 28 2 23 2 17 2 12 2 8 3 5 5 3 7 2 10 2 14 2 19 3 23 4 26 6 28 9 29 13 30 18 30 22 29 25 27 27 24 28 20 28 16 27 13 25 11 22 10 19 10 16 11 14 13 13 16 13 18 14 19 16 19 18 18 20 18 21 19 21 21 20 23 18 24 15 24 12 23 9 23 7 22 6 20 6 17 7 13 9 10 11 8 14 7 18 6 23 6 27 7 30 9 32 12 33 15 33 19 33 24 32 28 30 31 27 33 23 34 18 34 14 33 11 32 8 32 6 32 5 33 5 35 6 36 8 36 11 35 15 35 20 35
20 36 21 36 23 37 25 38 28 38 32 37 35 35 37 32 38 28 38 23 38 17 38 12 37 8 35 5 32 3 28 2 23 2 17 2 12 2 8 3 5 5 3 7 2 10 2 14 2 19 3 23 4 26 6 28 9 29 13 30 18 30 22 29 25 27 27 24 28 20 28 16 27 13 25 11 22 10 19 10 16 11 14 13 13 16 13 18 14 19 16 19 18 18 20 18 21 19 21 21 20 23 18 24 15 24 12 23 9 23 7 22 6 20 6 17 7 13 9 10 11 8 14 7 18 6 23 6 27 7 30 9 32 12 33 15 33 19 33 24 32 28 30 31 27 33 23 34 18 34 14 33 11 32 8 32 6 32 5 33 5 35 6 36 8 36 11 35 15 35 18 36
20 36 21 36 23 37 25 38 28 38 32 37 35 35 37 32 38 28 38 23 38 17 38 12 37 8 35 5 32 3 28 2 23 2 17 2 12 2 8 3 5 5 3 7 2 10 2 14 2 19 3 23 4 26 6 28 9 29 13 30 18 30 22 29 25 27 27 24 28 20 28 16 27 13 25 11 22 10 19 10 16 11 14 13 13 16 13 18 14 19 16 19 18 18 20 18 21 19 21 21 20 23 18 24 15 24 12 23 9 23 7 22 6 20 6 17 7 13 9 10 11 8 14 7 18 6 23 6 27 7 30 9 32 12 33 15 33 19 33 24 32 28 30 31 27 33 23 34 18 34 14 33 11 32 8 32 6 32 5 33 5 35 6 36 8 36 11 35 15 35 19 36
20 36 21 36 23 37 25 38 28 38 32 37 35 35 37 32 38 28 38 23 38 17 38 12 37 8 35 5 32 3 28 2 23 2 17 2 12 2 8 3 5 5 3 7 2 10 2 14 2 19 3 23 4 26 6 28 9 29 13 30 18 30 22 29 25 27 27 24 28 20 28 16 27 13 25 11 22 10 19 10 16 11 14 13 13 16 13 18 14 19 16 19 18 18 20 18 21 19 21 21 20 23 18 24 15 24 12 23 9 23 7 22 6 20 6 17 7 13 9 10 11 8 14 7 18 6 23 6 27 7 30 9 32 12 33 15 33 19 33 24 32 28 30 31 27 33 23 34 18 34 14 33 11 32 8 32 6 32 5 33 5 35 6 36 8 36 11 35 15 35 20 36
20 36 21 36 23 37 25 38 28 38 32 37 35 35 37 32 38 28 38 23 38 17 38 12 37 8 35 5 32 3 28 2 23 2 17 2 12 2 8 3 5 5 3 7 2 10 2 14 2 19 3 23 4 26 6 28 9 29 13 30 18 30 22 29 25 27 27 24 28 20 28 16 27 13 25 11 22 10 19 10 16 11 14 13 13 16 13 18 14 19 16 19 18 18 20 18 21 19 21 21 20 23 18 24 15 24 12 23 9 23 7 22 6 20 6 17 7 13 9 10 11 8 14 7 18 6 23 6 27 7 30 9 32 12 33 15 33 19 33 24 32 28 30 31 27 33 23 34 18 34 14 33 11 32 8 32 6 32 5 33 5 35 6 36 8 36 11 36 14 35 18 35
20 36 21 36 23 37 25 38 28 38 32 37 35 35 37 32 38 28 38 23 38 17 38 12 37 8 35 5 32 3 28 2 23 2 17 2 12 2 8 3 5 5 3 7 2 10 2 14 2 19 3 23 4 26 6 28 9 29 13 30 18 30 22 29 25 27 27 24 28 20 28 16 27 13 25 11 22 10 19 10 16 11 14 13 13 16 13 18 14 19 16 19 18 18 20 18 21 19 21 21 20 23 18 24 15 24 12 23 9 23 7 22 6 20 6 17 7 13 9 10 11 8 14 7 18 6 23 6 27 7 30 9 32 12 33 15 33 19 33 24 32 28 30 31 27 33 23 34 18 34 14 33 11 32 8 32 6 32 5 33 5 35 6 36 8 36 11 36 15 35 18 35
20 36 21 36 23 37 25 38 28 38 32 37 35 35 37 32 38 28 38 23 38 17 38 12 37 8 35 5 32 3 28 2 23 2 17 2 12 2 8 3 5 5 3 7 2 10 2 14 2 19 3 23 4 26 6 28 9 29 13 30 18 30 22 29 25 27 27 24 28 20 28 16 27 13 25 11 22 10 19 10 16 11 14 13 13 16 13 18 14 19 16 19 18 18 20 18 21 19 21 21 20 23 18 24 15 24 12 23 9 23 7 22 6 20 6 17 7 13 9 10 11 8 14 7 18 6 23 6 27 7 30 9 32 12 33 15 33 19 33 24 32 28 30 31 27 33 23 34 18 34 14 33 11 32 8 32 6 32 5 33 5 35 6 36 8 36 11 36 15 35 19 35
20 36 21 36 23 37 25 38 28 38 32 37 35 35 37 32 38 28 38 23 38 17 38 12 37 8 35 5 32 3 28 2 23 2 17 2 12 2 8 3 5 5 3 7 2 10 2 14 2 19 3 23 4 26 6 28 9 29 13 30 18 30 22 29 25 27 27 24 28 20 28 16 27 13 25 11 22 10 19 10 16 11 14 13 13 16 13 18 14 19 16 19 18 18 20 18 21 19 21 21 20 23 18 24 15 24 12 23 9 23 7 22 6 20 6 17 7 13 9 10 11 8 14 7 18 6 23 6 27 7 30 9 32 12 33 15 33 19 33 24 32 28 30 31 27 33 23 34 18 34 14 33 11 32 8 32 6 32 5 33 5 35 6 36 8 36 11 36 15 35 20 35
20 36 21 36 23 37 25 38 28 38 32 37 35 35 37 32 38 28 38 23 38 17 38 12 37 8 35 5 32 3 28 2 23 2 17 2 12 2 8 3 5 5 3 7 2 10 2 14 2 19 3 23 4 26 6 28 9 29 13 30 18 30 22 29 25 27 27 24 28 20 28 16 27 13 25 11 22 10 19 10 16 11 14 13 13 16 13 18 14 19 16 19 18 18 20 18 21 19 21 21 20 23 18 24 15 24 12 23 9 23 7 22 6 20 6 17 7 13 9 10 11 8 14 7 18 6 23 6 27 7 30 9 32 12 33 15 33 19 33 24 32 28 30 31 27 33 23 34 18 34 14 33 11 32 8 32 6 32 5 33 5 35 6 36 8 36 11 36 14 36 18 35
20 36 21 36 23 37 25 38 28 38 32 37 35 35 37 32 38 28 38 23 38 17 38 12 37 8 35 5 32 3 28 2 23 2 17 2 12 2 8 3 5 5 3 7 2 10 2 14 2 19 3 23 4 26 6 28 9 29 13 30 18 30 22 29 25 27 27 24 28 20 28 16 27 13 25 11 22 10 19 10 16 11 14 13 13 16 13 18 14 19 16 19 18 18 20 18 21 19 21 21 20 23 18 24 15 24 12 23 9 23 7 22 6 20 6 17 7 13 9 10 11 8 14 7 18 6 23 6 27 7 30 9 32 12 33 15 33 19 33 24 32 28 30 31 27 33 23 34 18 34 14 33 11 32 8 32 6 32 5 33 5 35 6 36 8 36 11 36 14 36 18 36
20 36 21 36 23 37 25 38 28 38 32 37 35 35 37 32 38 28 38 23 38 17 38 12 37 8 35 5 32 3 28 2 23 2 17 2 12 2 8 3 5 5 3 7 2 10 2 14 2 19 3 23 4 26 6 28 9 29 13 30 18 30 22 29 25 27 27 24 28 20 28 16 27 13 25 11 22 10 19 10 16 11 14 13 13 16 13 18 14 19 16 19 18 18 20 18 21 19 21 21 20 23 18 24 15 24 12 23 9 23 7 22 6 20 6 17 7 13 9 10 11 8 14 7 18 6 23 6 27 7 30 9 32 12 33 15 33 19 33 24 32 28 30 31 27 33 23 34 18 34 14 33 11 32 8 32 6 32 5 33 5 35 6 36 8 36 11 36 14 36 18 37
20 36 21 36 23 37 25 38 28 38 32 37 35 35 37 32 38 28 38 23 38 17 38 12 37 8 35 5 32 3 28 2 23 2 17 2 12 2 8 3 5 5 3 7 2 10 2 14 2 19 3 23 4 26 6 28 9 29 13 30 18 30 22 29 25 27 27 24 28 20 28 16 27 13 25 11 22 10 19 10 16 11 14 13 13 16 13 18 14 19 16 19 18 18 20 18 21 19 21 21 20 23 18 24 15 24 12 23 9 23 7 22 6 20 6 17 7 13 9 10 11 8 14 7 18 6 23 6 27 7 30 9 32 12 33 15 33 19 33 24 32 28 30 31 27 33 23 34 18 34 14 33 11 32 8 32 6 32 5 33 5 35 6 36 8 36 11 36 15 36 18 35
20 36 21 36 23 37 25 38 28 38 32 37 35 35 37 32 38 28 38 23 38 17 38 12 37 8 35 5 32 3 28 2 23 2 17 2 12 2 8 3 5 5 3 7 2 10 2 14 2 19 3 23 4 26 6 28 9 29 13 30 18 30 22 29 25 27 27 24 28 20 28 16 27 13 25 11 22 10 19 10 16 11 14 13 13 16 13 18 14 19 16 19 18 18 20 18 21 19 21 21 20 23 18 24 15 24 12 23 9 23 7 22 6 20 6 17 7 13 9 10 11 8 14 7 18 6 23 6 27 7 30 9 32 12 33 15 33 19 33 24 32 28 30 31 27 33 23 34 18 34 14 33 11 32 8 32 6 32 5 33 5 35 6 36 8 36 11 36 15 36 19 35
20 36 21 36 23 37 25 38 28 38 32 37 35 35 37 32 38 28 38 23 38 17 38 12 37 8 35 5 32 3 28 2 23 2 17 2 12 2 8 3 5 5 3 7 2 10 2 14 2 19 3 23 4 26 6 28 9 29 13 30 18 30 22 29 25 27 27 24 28 20 28 16 27 13 25 11 22 10 19 10 16 11 14 13 13 16 13 18 14 19 16 19 18 18 20 18 21 19 21 21 20 23 18 24 15 24 12 23 9 23 7 22 6 20 6 17 7 13 9 10 11 8 14 7 18 6 23 6 27 7 30 9 32 12 33 15 33 19 33 24 32 28 30 31 27 33 23 34 18 34 14 33 11 32 8 32 6 32 5 33 5 35 6 36 8 36 11 36 15 36 20 35
20 36 21 36 23 37 25 38 28 38 32 37 35 35 37 32 38 28 38 23 38 17 38 12 37 8 35 5 32 3 28 2 23 2 17 2 12 2 8 3 5 5 3 7 2 10 2 14 2 19 3 23 4 26 6 28 9 29 13 30 18 30 22 29 25 27 27 24 28 20 28 16 27 13 25 11 22 10 19 10 16 11 14 13 13 16 13 18 14 19 16 19 18 18 20 18 21 19 21 21 20 23 18 24 15 24 12 23 9 23 7 22 6 20 6 17 7 13 9 10 11 8 14 7 18 6 23 6 27 7 30 9 32 12 33 15 33 19 33 24 32 28 30 31 27 33 23 34 18 34 14 33 11 32 8 32 6 32 5 33 5 35 6 36 8 36 11 36 15 36 18 36
20 36 21 36 23 37 25 38 28 38 32 37 35 35 37 32 38 28 38 23 38 17 38 12 37 8 35 5 32 3 28 2 23 2 17 2 12 2 8 3 5 5 3 7 2 10 2 14 2 19 3 23 4 26 6 28 9 29 13 30 18 30 22 29 25 27 27 24 28 20 28 16 27 13 25 11 22 10 19 10 16 11 14 13 13 16 13 18 14 19 16 19 18 18 20 18 21 19 21 21 20 23 18 24 15 24 12 23 9 23 7 22 6 20 6 17 7 13 9 10 11 8 14 7 18 6 23 6 27 7 30 9 32 12 33 15 33 19 33 24 32 28 30 31 27 33 23 34 18 34 14 33 11 32 8 32 6 32 5 33 5 35 6 36 8 36 11 36 15 36 19 36
20 36 21 36 23 37 25 38 28 38 32 37 35 35 37 32 38 28 38 23 38 17 38 12 37 8 35 5 32 3 28 2 23 2 17 2 12 2 8 3 5 5 3 7 2 10 2 14 2 19 3 23 4 26 6 28 9 29 13 30 18 30 22 29 25 27 27 24 28 20 28 16 27 13 25 11 22 10 19 10 16 11 14 13 13 16 13 18 14 19 16 19 18 18 20 18 21 19 21 21 20 23 18 24 15 24 12 23 9 23 7 22 6 20 6 17 7 13 9 10 11 8 14 7 18 6 23 6 27 7 30 9 32 12 33 15 33 19 33 24 32 28 30 31 27 33 23 34 18 34 14 33 11 32 8 32 6 32 5 33 5 35 6 36 8 36 11 36 15 36 20 36
20 36 21 36 23 37 25 38 28 38 32 37 35 35 37 32 38 28 38 23 38 17 38 12 37 8 35 5 32 3 28 2 23 2 17 2 12 2 8 3 5 5 3 7 2 10 2 14 2 19 3 23 4 26 6 28 9 29 13 30 18 30 22 29 25 27 27 24 28 20 28 16 27 13 25 11 22 10 19 10 16 11 14 13 13 16 13 18 14 19 16 19 18 18 20 18 21 19 21 21 20 23 18 24 15 24 12 23 9 23 7 22 6 20 6 17 7 13 9 10 11 8 14 7 18 6 23 6 27 7 30 9 32 12 33 15 33 19 33 24 32 28 30 31 27 33 23 34 18 34 14 33 11 32 8 32 6 32 5 33 5 35 6 36 8 36 11 36 15 36 18 37
20 36 21 36 23 37 25 38 28 38 32 37 35 35 37 32 38 28 38 23 38 17 38 12 37 8 35 5 32 3 28 2 23 2 17 2 12 2 8 3 5 5 3 7 2 10 2 14 2 19 3 23 4 26 6 28 9 29 13 30 18 30 22 29 25 27 27 24 28 20 28 16 27 13 25 11 22 10 19 10 16 11 14 13 13 16 13 18 14 19 16 19 18 18 20 18 21 19 21 21 20 23 18 24 15 24 12 23 9 23 7 22 6 20 6 17 7 13 9 10 11 8 14 7 18 6 23 6 27 7 30 9 32 12 33 15 33 19 33 24 32 28 30 31 27 33 23 34 18 34 14 33 11 32 8 32 6 32 5 33 5 35 6 36 8 36 11 36 15 36 19 37
20 36 21 36 23 37 25 38 28 38 32 37 35 35 37 32 38 28 38 23 38 17 38 12 37 8 35 5 32 3 28 2 23 2 17 2 12 2 8 3 5 5 3 7 2 10 2 14 2 19 3 23 4 26 6 28 9 29 13 30 18 30 22 29 25 27 27 24 28 20 28 16 27 13 25 11 22 10 19 10 16 11 14 13 13 16 13 18 14 19 16 19 18 18 20 18 21 19 21 21 20 23 18 24 15 24 12 23 9 23 7 22 6 20 6 17 7 13 9 10 11 8 14 7 18 6 23 6 27 7 30 9 32 12 33 15 33 19 33 24 32 28 30 31 27 33 23 34 18 34 14 33 11 32 8 32 6 32 5 33 5 35 6 36 8 36 11 36 15 36 20 37
20 36 21 36 23 37 25 38 28 38 32 37 35 35 37 32 38 28 38 23 38 17 38 12 37 8 35 5 32 3 28 2 23 2 17 2 12 2 8 3 5 5 3 7 2 10 2 14 2 19 3 23 4 26 6 28 9 29 13 30 18 30 22 29 25 27 27 24 28 20 28 16 27 13 25 11 22 10 19 10 16 11 14 13 13 16 13 18 14 19 16 19 18 18 20 18 21 19 21 21 20 23 18 24 15 24 12 23 9 23 7 22 6 20 6 17 7 13 9 10 11 8 14 7 18 6 23 6 27 7 30 9 32 12 33 15 33 19 33 24 32 28 30 31 27 33 23 34 18 34 14 33 11 32 8 32 6 32 5 33 5 35 6 36 8 36 11 36 14 37 18 37
20 36 21 36 23 37 25 38 28 38 32 37 35 35 37 32 38 28 38 23 38 17 38 12 37 8 35 5 32 3 28 2 23 2 17 2 12 2 8 3 5 5 3 7 2 10 2 14 2 19 3 23 4 26 6 28 9 29 13 30 18 30 22 29 25 27 27 24 28 20 28 16 27 13 25 11 22 10 19 10 16 11 14 13 13 16 13 18 14 19 16 19 18 18 20 18 21 19 21 21 20 23 18 24 15 24 12 23 9 23 7 22 6 20 6 17 7 13 9 10 11 8 14 7 18 6 23 6 27 7 30 9 32 12 33 15 33 19 33 24 32 28 30 31 27 33 23 34 18 34 14 33 11 32 8 32 6 32 5 33 5 35 6 36 8 36 11 36 14 37 18 38
20 36 21 36 23 37 25 38 28 38 32 37 35 35 37 32 38 28 38 23 38 17 38 12 37 8 35 5 32 3 28 2 23 2 17 2 12 2 8 3 5 5 3 7 2 10 2 14 2 19 3 23 4 26 6 28 9 29 13 30 18 30 22 29 25 27 27 24 28 20 28 16 27 13 25 11 22 10 19 10 16 11 14 13 13 16 13 18 14 19 16 19 18 18 20 18 21 19 21 21 20 23 18 24 15 24 12 23 9 23 7 22 6 20 6 17 7 13 9 10 11 8 14 7 18 6 23 6 27 7 30 9 32 12 33 15 33 19 33 24 32 28 30 31 27 33 23 34 18 34 14 33 11 32 8 32 6 32 5 33 5 35 6 36 8 36 11 36 15 37 18 37
20 36 21 36 23 37 25 38 28 38 32 37 35 35 37 32 38 28 38 23 38 17 38 12 37 8 35 5 32 3 28 2 23 2 17 2 12 2 8 3 5 5 3 7 2 10 2 14 2 19 3 23 4 26 6 28 9 29 13 30 18 30 22 29 25 27 27 24 28 20 28 16 27 13 25 11 22 10 19 10 16 11 14 13 13 16 13 18 14 19 16 19 18 18 20 18 21 19 21 21 20 23 18 24 15 24 12 23 9 23 7 22 6 20 6 17 7 13 9 10 11 8 14 7 18 6 23 6 27 7 30 9 32 12 33 15 33 19 33 24 32 28 30 31 27 33 23 34 18 34 14 33 11 32 8 32 6 32 5 33 5 35 6 36 8 36 11 36 15 37 19 37
20 36 21 36 23 37 25 38 28 38 32 37 35 35 37 32 38 28 38 23 38 17 38 12 37 8 35 5 32 3 28 2 23 2 17 2 12 2 8 3 5 5 3 7 2 10 2 14 2 19 3 23 4 26 6 28 9 29 13 30 18 30 22 29 25 27 27 24 28 20 28 16 27 13 25 11 22 10 19 10 16 11 14 13 13 16 13 18 14 19 16 19 18 18 20 18 21 19 21 21 20 23 18 24 15 24 12 23 9 23 7 22 6 20 6 17 7 13 9 10 11 8 14 7 18 6 23 6 27 7 30 9 32 12 33 15 33 19 33 24 32 28 30 31 27 33 23 34 18 34 14 33 11 32 8 32 6 32 5 33 5 35 6 36 8 36 11 36 15 37 20 37
20 36 21 36 23 37 25 38 28 38 32 37 35 35 37 32 38 28 38 23 38 17 38 12 37 8 35 5 32 3 28 2 23 2 17 2 12 2 8 3 5 5 3 7 2 10 2 14 2 19 3 23 4 26 6 28 9 29 13 30 18 30 22 29 25 27 27 24 28 20 28 16 27 13 25 11 22 10 19 10 16 11 14 13 13 16 13 18 14 19 16 19 18 18 20 18 21 19 21 21 20 23 18 24 15 24 12 23 9 23 7 22 6 20 6 17 7 13 9 10 11 8 14 7 18 6 23 6 27 7 30 9 32 12 33 15 33 19 33 24 32 28 30 31 27 33 23 34 18 34 14 33 11 32 8 32 6 32 5 33 5 35 6 36 8 36 11 36 15 37 18 38
20 36 21 36 23 37 25 38 28 38 32 37 35 35 37 32 38 28 38 23 38 17 38 12 37 8 35 5 32 3 28 2 23 2 17 2 12 2 8 3 5 5 3 7 2 10 2 14 2 19 3 23 4 26 6 28 9 29 13 30 18 30 22 29 25 27 27 24 28 20 28 16 27 13 25 11 22 10 19 10 16 11 14 13 13 16 13 18 14 19 16 19 18 18 20 18 21 19 21 21 20 23 18 24 15 24 12 23 9 23 7 22 6 20 6 17 7 13 9 10 11 8 14 7 18 6 23 6 27 7 30 9 32 12 33 15 33 19 33 24 32 28 30 31 27 33 23 34 18 34 14 33 11 32 8 32 6 32 5 33 5 35 6 36 8 36 11 36 15 37 19 38
20 36 21 36 23 37 25 38 28 38 32 37 35 35 37 32 38 28 38 23 38 17 38 12 37 8 35 5 32 3 28 2 23 2 17 2 12 2 8 3 5 5 3 7 2 10 2 14 2 19 3 23 4 26 6 28 9 29 13 30 18 30 22 29 25 27 27 24 28 20 28 16 27 13 25 11 22 10 19 10 16 11 14 13 13 16 13 18 14 19 16 19 18 18 20 18 21 19 21 21 20 23 18 24 15 24 12 23 9 23 7 22 6 20 6 17 7 13 9 10 11 8 14 7 18 6 23 6 27 7 30 9 32 12 33 15 33 19 33 24 32 28 30 31 27 33 23 34 18 34 14 33 11 32 8 32 6 32 5 33 5 35 6 36 8 36 11 36 15 37 20 38
20 36 21 36 23 37 25 38 28 38 32 37 35 35 37 32 38 28 38 23 38 17 38 12 37 8 35 5 32 3 28 2 23 2 17 2 12 2 8 3 5 5 3 7 2 10 2 14 2 19 3 23 4 26 6 28 9 29 13 30 18 30 22 29 25 27 27 24 28 20 28 16 27 13 25 11 22 10 19 10 16 11 14 13 13 16 13 18 14 19 16 19 18 18 20 18 21 19 21 21 20 23 18 24 15 24 12 23 9 23 7 22 6 20 6 17 7 13 9 10 11 8 14 7 18 6 23 6 27 7 30 9 32 12 33 15 33 19 33 24 32 28 30 31 27 33 23 34 18 34 14 33 11 32 8 32 6 32 5 33 5 35 6 36 8 36 11 37 14 37 18 36
20 36 21 36 23 37 25 38 28 38 32 37 35 35 37 32 38 28 38 23 38 17 38 12 37 8 35 5 32 3 28 2 23 2 17 2 12 2 8 3 5 5 3 7 2 10 2 14 2 19 3 23 4 26 6 28 9 29 13 30 18 30 22 29 25 27 27 24 28 20 28 16 27 13 25 11 22 10 19 10 16 11 14 13 13 16 13 18 14 19 16 19 18 18 20 18 21 19 21 21 20 23 18 24 15 24 12 23 9 23 7 22 6 20 6 17 7 13 9 10 11 8 14 7 18 6 23 6 27 7 30 9 32 12 33 15 33 19 33 24 32 28 30 31 27 33 23 34 18 34 14 33 11 32 8 32 6 32 5 33 5 35 6 36 8 36 11 37 14 37 18 37