100
20 36 21 36 23 37 26 37 30 36 33 34 35 31 36 27 36 23 35 20 33 17 30 15 26 14 21 14 17 14 14 14 12 14 11 13 11 11 12 9 14 8 16 8 19 9 23 10 27 11 30 11 32 10 33 8 33 5 32 3 30 2 27 2 23 2 18 2 14 2 10 3 7 4 5 6 4 9 4 13 5 17 7 20 10 22 14 23 18 23 22 22 25 21 27 21 28 22 28 24 27 27 25 29 22 30 18 30 14 29 10 28 7 27 5 27 4 28 4 29 5 31 7 34 10 36 14 37 18 37
20 36 21 36 23 37 26 37 30 36 33 34 35 31 36 27 36 23 35 20 33 17 30 15 26 14 21 14 17 14 14 14 12 14 11 13 11 11 12 9 14 8 16 8 19 9 23 10 27 11 30 11 32 10 33 8 33 5 32 3 30 2 27 2 23 2 18 2 14 2 10 3 7 4 5 6 4 9 4 13 5 17 7 20 10 22 14 23 18 23 22 22 25 21 27 21 28 22 28 24 27 27 25 29 22 30 18 30 14 29 10 28 7 27 5 27 4 28 4 29 5 31 7 34 10 36 14 37 19 37
20 36 21 36 23 37 26 37 30 36 33 34 35 31 36 27 36 23 35 20 33 17 30 15 26 14 21 14 17 14 14 14 12 14 11 13 11 11 12 9 14 8 16 8 19 9 23 10 27 11 30 11 32 10 33 8 33 5 32 3 30 2 27 2 23 2 18 2 14 2 10 3 7 4 5 6 4 9 4 13 5 17 7 20 10 22 14 23 18 23 22 22 25 21 27 21 28 22 28 24 27 27 25 29 22 30 18 30 14 29 10 28 7 27 5 27 4 28 4 29 5 31 7 34 10 36 14 37 18 38
20 36 21 36 23 37 26 37 30 36 33 34 35 31 36 27 36 23 35 20 33 17 30 15 26 14 21 14 17 14 14 14 12 14 11 13 11 11 12 9 14 8 16 8 19 9 23 10 27 11 30 11 32 10 33 8 33 5 32 3 30 2 27 2 23 2 18 2 14 2 10 3 7 4 5 6 4 9 4 13 5 17 7 20 10 22 14 23 18 23 22 22 25 21 27 21 28 22 28 24 27 27 25 29 22 30 18 30 14 29 10 28 7 27 5 27 4 28 4 29 5 31 7 34 10 36 14 37 19 38
20 36 21 36 23 37 26 37 30 36 33 34 35 31 36 27 36 23 35 20 33 17 30 15 26 14 21 14 17 14 14 14 12 14 11 13 11 11 12 9 14 8 16 8 19 9 23 10 27 11 30 11 32 10 33 8 33 5 32 3 30 2 27 2 23 2 18 2 14 2 10 3 7 4 5 6 4 9 4 13 5 17 7 20 10 22 14 23 18 23 22 22 25 21 27 21 28 22 28 24 27 27 25 29 22 30 18 30 14 29 10 28 7 27 5 27 4 28 4 30 5 32 7 34 10 35 14 35 18 34
20 36 21 36 23 37 26 37 30 36 33 34 35 31 36 27 36 23 35 20 33 17 30 15 26 14 21 14 17 14 14 14 12 14 11 13 11 11 12 9 14 8 16 8 19 9 23 10 27 11 30 11 32 10 33 8 33 5 32 3 30 2 27 2 23 2 18 2 14 2 10 3 7 4 5 6 4 9 4 13 5 17 7 20 10 22 14 23 18 23 22 22 25 21 27 21 28 22 28 24 27 27 25 29 22 30 18 30 14 29 10 28 7 27 5 27 4 28 4 30 5 32 7 34 10 35 14 35 19 34
20 36 21 36 23 37 26 37 30 36 33 34 35 31 36 27 36 23 35 20 33 17 30 15 26 14 21 14 17 14 14 14 12 14 11 13 11 11 12 9 14 8 16 8 19 9 23 10 27 11 30 11 32 10 33 8 33 5 32 3 30 2 27 2 23 2 18 2 14 2 10 3 7 4 5 6 4 9 4 13 5 17 7 20 10 22 14 23 18 23 22 22 25 21 27 21 28 22 28 24 27 27 25 29 22 30 18 30 14 29 10 28 7 27 5 27 4 28 4 30 5 32 7 34 10 35 14 35 18 35
20 36 21 36 23 37 26 37 30 36 33 34 35 31 36 27 36 23 35 20 33 17 30 15 26 14 21 14 17 14 14 14 12 14 11 13 11 11 12 9 14 8 16 8 19 9 23 10 27 11 30 11 32 10 33 8 33 5 32 3 30 2 27 2 23 2 18 2 14 2 10 3 7 4 5 6 4 9 4 13 5 17 7 20 10 22 14 23 18 23 22 22 25 21 27 21 28 22 28 24 27 27 25 29 22 30 18 30 14 29 10 28 7 27 5 27 4 28 4 30 5 32 7 34 10 35 14 35 19 35
20 36 21 36 23 37 26 37 30 36 33 34 35 31 36 27 36 23 35 20 33 17 30 15 26 14 21 14 17 14 14 14 12 14 11 13 11 11 12 9 14 8 16 8 19 9 23 10 27 11 30 11 32 10 33 8 33 5 32 3 30 2 27 2 23 2 18 2 14 2 10 3 7 4 5 6 4 9 4 13 5 17 7 20 10 22 14 23 18 23 22 22 25 21 27 21 28 22 28 24 27 27 25 29 22 30 18 30 14 29 10 28 7 27 5 27 4 28 4 30 5 32 7 34 10 35 14 35 18 36
20 36 21 36 23 37 26 37 30 36 33 34 35 31 36 27 36 23 35 20 33 17 30 15 26 14 21 14 17 14 14 14 12 14 11 13 11 11 12 9 14 8 16 8 19 9 23 10 27 11 30 11 32 10 33 8 33 5 32 3 30 2 27 2 23 2 18 2 14 2 10 3 7 4 5 6 4 9 4 13 5 17 7 20 10 22 14 23 18 23 22 22 25 21 27 21 28 22 28 24 27 27 25 29 22 30 18 30 14 29 10 28 7 27 5 27 4 28 4 30 5 32 7 34 10 35 14 35 19 36
20 36 21 36 23 37 26 37 30 36 33 34 35 31 36 27 36 23 35 20 33 17 30 15 26 14 21 14 17 14 14 14 12 14 11 13 11 11 12 9 14 8 16 8 19 9 23 10 27 11 30 11 32 10 33 8 33 5 32 3 30 2 27 2 23 2 18 2 14 2 10 3 7 4 5 6 4 9 4 13 5 17 7 20 10 22 14 23 18 23 22 22 25 21 27 21 28 22 28 24 27 27 25 29 22 30 18 30 14 29 10 28 7 27 5 27 4 28 4 30 5 32 7 34 10 35 14 36 18 36
20 36 21 36 23 37 26 37 30 36 33 34 35 31 36 27 36 23 35 20 33 17 30 15 26 14 21 14 17 14 14 14 12 14 11 13 11 11 12 9 14 8 16 8 19 9 23 10 27 11 30 11 32 10 33 8 33 5 32 3 30 2 27 2 23 2 18 2 14 2 10 3 7 4 5 6 4 9 4 13 5 17 7 20 10 22 14 23 18 23 22 22 25 21 27 21 28 22 28 24 27 27 25 29 22 30 18 30 14 29 10 28 7 27 5 27 4 28 4 30 5 32 7 34 10 35 14 36 19 36
20 36 21 36 23 37 26 37 30 36 33 34 35 31 36 27 36 23 35 20 33 17 30 15 26 14 21 14 17 14 14 14 12 14 11 13 11 11 12 9 14 8 16 8 19 9 23 10 27 11 30 11 32 10 33 8 33 5 32 3 30 2 27 2 23 2 18 2 14 2 10 3 7 4 5 6 4 9 4 13 5 17 7 20 10 22 14 23 18 23 22 22 25 21 27 21 28 22 28 24 27 27 25 29 22 30 18 30 14 29 10 28 7 27 5 27 4 28 4 30 5 32 7 34 10 35 14 36 18 37
20 36 21 36 23 37 26 37 30 36 33 34 35 31 36 27 36 23 35 20 33 17 30 15 26 14 21 14 17 14 14 14 12 14 11 13 11 11 12 9 14 8 16 8 19 9 23 10 27 11 30 11 32 10 33 8 33 5 32 3 30 2 27 2 23 2 18 2 14 2 10 3 7 4 5 6 4 9 4 13 5 17 7 20 10 22 14 23 18 23 22 22 25 21 27 21 28 22 28 24 27 27 25 29 22 30 18 30 14 29 10 28 7 27 5 27 4 28 4 30 5 32 7 34 10 35 14 36 19 37
20 36 21 36 23 37 26 37 30 36 33 34 35 31 36 27 36 23 35 20 33 17 30 15 26 14 21 14 17 14 14 14 12 14 11 13 11 11 12 9 14 8 16 8 19 9 23 10 27 11 30 11 32 10 33 8 33 5 32 3 30 2 27 2 23 2 18 2 14 2 10 3 7 4 5 6 4 9 4 13 5 17 7 20 10 22 14 23 18 23 22 22 25 21 27 21 28 22 28 24 27 27 25 29 22 30 18 30 14 29 10 28 7 27 5 27 4 28 4 30 5 32 7 34 10 35 14 36 18 38
20 36 21 36 23 37 26 37 30 36 33 34 35 31 36 27 36 23 35 20 33 17 30 15 26 14 21 14 17 14 14 14 12 14 11 13 11 11 12 9 14 8 16 8 19 9 23 10 27 11 30 11 32 10 33 8 33 5 32 3 30 2 27 2 23 2 18 2 14 2 10 3 7 4 5 6 4 9 4 13 5 17 7 20 10 22 14 23 18 23 22 22 25 21 27 21 28 22 28 24 27 27 25 29 22 30 18 30 14 29 10 28 7 27 5 27 4 28 4 30 5 32 7 34 10 35 14 36 19 38
20 36 21 36 23 37 26 37 30 36 33 34 35 31 36 27 36 23 35 20 33 17 30 15 26 14 21 14 17 14 14 14 12 14 11 13 11 11 12 9 14 8 16 8 19 9 23 10 27 11 30 11 32 10 33 8 33 5 32 3 30 2 27 2 23 2 18 2 14 2 10 3 7 4 5 6 4 9 4 13 5 17 7 20 10 22 14 23 18 23 22 22 25 21 27 21 28 22 28 24 27 27 25 29 22 30 18 30 14 29 10 28 7 27 5 27 4 28 4 30 5 32 7 34 10 35 14 37 18 38
20 36 21 36 23 37 26 37 30 36 33 34 35 31 36 27 36 23 35 20 33 17 30 15 26 14 21 14 17 14 14 14 12 14 11 13 11 11 12 9 14 8 16 8 19 9 23 10 27 11 30 11 32 10 33 8 33 5 32 3 30 2 27 2 23 2 18 2 14 2 10 3 7 4 5 6 4 9 4 13 5 17 7 20 10 22 14 23 18 23 22 22 25 21 27 21 28 22 28 24 27 27 25 29 22 30 18 30 14 29 10 28 7 27 5 27 4 28 4 30 5 32 7 34 10 35 14 37 19 38
20 36 21 36 23 37 26 37 30 36 33 34 35 31 36 27 36 23 35 20 33 17 30 15 26 14 21 14 17 14 14 14 12 14 11 13 11 11 12 9 14 8 16 8 19 9 23 10 27 11 30 11 32 10 33 8 33 5 32 3 30 2 27 2 23 2 18 2 14 2 10 3 7 4 5 6 4 9 4 13 5 17 7 20 10 22 14 23 18 23 22 22 25 21 27 21 28 22 28 24 27 27 25 29 22 30 18 30 14 29 10 28 7 27 5 27 4 28 4 30 5 32 7 35 10 37 14 38 18 38
20 36 21 36 23 37 26 37 30 36 33 34 35 31 36 27 36 23 35 20 33 17 30 15 26 14 21 14 17 14 14 14 12 14 11 13 11 11 12 9 14 8 16 8 19 9 23 10 27 11 30 11 32 10 33 8 33 5 32 3 30 2 27 2 23 2 18 2 14 2 10 3 7 4 5 6 4 9 4 13 5 17 7 20 10 22 14 23 18 23 22 22 25 21 27 21 28 22 28 24 27 27 25 29 22 30 18 30 14 29 10 28 7 27 5 27 4 28 4 30 5 32 7 35 10 37 14 38 19 38
20 36 21 36 23 37 26 37 30 36 33 34 35 31 36 27 36 23 35 20 33 17 30 15 26 14 21 14 17 14 14 14 12 14 11 13 11 11 12 9 14 8 16 8 19 9 23 10 27 11 30 11 32 10 33 8 33 5 32 3 30 2 27 2 23 2 18 2 14 2 10 3 7 4 5 6 4 9 4 13 5 17 7 20 10 22 14 23 18 23 22 22 25 21 27 21 28 22 28 24 27 27 25 29 22 30 18 30 14 29 10 28 7 27 5 27 4 28 4 30 5 33 7 35 10 36 14 36 18 35
20 36 21 36 23 37 26 37 30 36 33 34 35 31 36 27 36 23 35 20 33 17 30 15 26 14 21 14 17 14 14 14 12 14 11 13 11 11 12 9 14 8 16 8 19 9 23 10 27 11 30 11 32 10 33 8 33 5 32 3 30 2 27 2 23 2 18 2 14 2 10 3 7 4 5 6 4 9 4 13 5 17 7 20 10 22 14 23 18 23 22 22 25 21 27 21 28 22 28 24 27 27 25 29 22 30 18 30 14 29 10 28 7 27 5 27 4 28 4 30 5 33 7 35 10 36 14 36 19 35
20 36 21 36 23 37 26 37 30 36 33 34 35 31 36 27 36 23 35 20 33 17 30 15 26 14 21 14 17 14 14 14 12 14 11 13 11 11 12 9 14 8 16 8 19 9 23 10 27 11 30 11 32 10 33 8 33 5 32 3 30 2 27 2 23 2 18 2 14 2 10 3 7 4 5 6 4 9 4 13 5 17 7 20 10 22 14 23 18 23 22 22 25 21 27 21 28 22 28 24 27 27 25 29 22 30 18 30 14 29 10 28 7 27 5 27 4 28 4 30 5 33 7 35 10 36 14 36 18 36
20 36 21 36 23 37 26 37 30 36 33 34 35 31 36 27 36 23 35 20 33 17 30 15 26 14 21 14 17 14 14 14 12 14 11 13 11 11 12 9 14 8 16 8 19 9 23 10 27 11 30 11 32 10 33 8 33 5 32 3 30 2 27 2 23 2 18 2 14 2 10 3 7 4 5 6 4 9 4 13 5 17 7 20 10 22 14 23 18 23 22 22 25 21 27 21 28 22 28 24 27 27 25 29 22 30 18 30 14 29 10 28 7 27 5 27 4 28 4 30 5 33 7 35 10 36 14 36 19 36
20 36 21 36 23 37 26 37 30 36 33 34 35 31 36 27 36 23 35 20 33 17 30 15 26 14 21 14 17 14 14 14 12 14 11 13 11 11 12 9 14 8 16 8 19 9 23 10 27 11 30 11 32 10 33 8 33 5 32 3 30 2 27 2 23 2 18 2 14 2 10 3 7 4 5 6 4 9 4 13 5 17 7 20 10 22 14 23 18 23 22 22 25 21 27 21 28 22 28 24 27 27 25 29 22 30 18 30 14 29 10 28 7 27 5 27 4 28 4 30 5 33 7 35 10 36 14 36 18 37
20 36 21 36 23 37 26 37 30 36 33 34 35 31 36 27 36 23 35 20 33 17 30 15 26 14 21 14 17 14 14 14 12 14 11 13 11 11 12 9 14 8 16 8 19 9 23 10 27 11 30 11 32 10 33 8 33 5 32 3 30 2 27 2 23 2 18 2 14 2 10 3 7 4 5 6 4 9 4 13 5 17 7 20 10 22 14 23 18 23 22 22 25 21 27 21 28 22 28 24 27 27 25 29 22 30 18 30 14 29 10 28 7 27 5 27 4 28 4 30 5 33 7 35 10 36 14 36 19 37
20 36 21 36 23 37 26 37 30 36 33 34 35 31 36 27 36 23 35 20 33 17 30 15 26 14 21 14 17 14 14 14 12 14 11 13 11 11 12 9 14 8 16 8 19 9 23 10 27 11 30 11 32 10 33 8 33 5 32 3 30 2 27 2 23 2 18 2 14 2 10 3 7 4 5 6 4 9 4 13 5 17 7 20 10 22 14 23 18 23 22 22 25 21 27 21 28 22 28 24 27 27 25 29 22 30 18 30 14 29 10 28 7 28 5 28 4 29 4 31 5 33 7 34 10 34 14 34 18 34
20 36 21 36 23 37 26 37 30 36 33 34 35 31 36 27 36 23 35 20 33 17 30 15 26 14 21 14 17 14 14 14 12 14 11 13 11 11 12 9 14 8 16 8 19 9 23 10 27 11 30 11 32 10 33 8 33 5 32 3 30 2 27 2 23 2 18 2 14 2 10 3 7 4 5 6 4 9 4 13 5 17 7 20 10 22 14 23 18 23 22 22 25 21 27 21 28 22 28 24 27 27 25 29 22 30 18 30 14 29 10 28 7 28 5 28 4 29 4 31 5 33 7 34 10 34 14 34 19 34
20 36 21 36 23 37 26 37 30 36 33 34 35 31 36 27 36 23 35 20 33 17 30 15 26 14 21 14 17 14 14 14 12 14 11 13 11 11 12 9 14 8 16 8 19 9 23 10 27 11 30 11 32 10 33 8 33 5 32 3 30 2 27 2 23 2 18 2 14 2 10 3 7 4 5 6 4 9 4 13 5 17 7 20 10 22 14 23 18 23 22 22 25 21 27 21 28 22 28 24 27 27 25 29 22 30 18 30 14 29 10 28 7 28 5 28 4 29 4 31 5 33 7 34 10 34 14 34 18 35
20 36 21 36 23 37 26 37 30 36 33 34 35 31 36 27 36 23 35 20 33 17 30 15 26 14 21 14 17 14 14 14 12 14 11 13 11 11 12 9 14 8 16 8 19 9 23 10 27 11 30 11 32 10 33 8 33 5 32 3 30 2 27 2 23 2 18 2 14 2 10 3 7 4 5 6 4 9 4 13 5 17 7 20 10 22 14 23 18 23 22 22 25 21 27 21 28 22 28 24 27 27 25 29 22 30 18 30 14 29 10 28 7 28 5 28 4 29 4 31 5 33 7 34 10 34 14 34 19 35
20 36 21 36 23 37 26 37 30 36 33 34 35 31 36 27 36 23 35 20 33 17 30 15 26 14 21 14 17 14 14 14 12 14 11 13 11 11 12 9 14 8 16 8 19 9 23 10 27 11 30 11 32 10 33 8 33 5 32 3 30 2 27 2 23 2 18 2 14 2 10 3 7 4 5 6 4 9 4 13 5 17 7 20 10 22 14 23 18 23 22 22 25 21 27 21 28 22 28 24 27 27 25 29 22 30 18 30 14 29 10 28 7 28 5 28 4 29 4 31 5 33 7 34 10 34 14 35 18 35
20 36 21 36 23 37 26 37 30 36 33 34 35 31 36 27 36 23 35 20 33 17 30 15 26 14 21 14 17 14 14 14 12 14 11 13 11 11 12 9 14 8 16 8 19 9 23 10 27 11 30 11 32 10 33 8 33 5 32 3 30 2 27 2 23 2 18 2 14 2 10 3 7 4 5 6 4 9 4 13 5 17 7 20 10 22 14 23 18 23 22 22 25 21 27 21 28 22 28 24 27 27 25 29 22 30 18 30 14 29 10 28 7 28 5 28 4 29 4 31 5 33 7 34 10 34 14 35 19 35
20 36 21 36 23 37 26 37 30 36 33 34 35 31 36 27 36 23 35 20 33 17 30 15 26 14 21 14 17 14 14 14 12 14 11 13 11 11 12 9 14 8 16 8 19 9 23 10 27 11 30 11 32 10 33 8 33 5 32 3 30 2 27 2 23 2 18 2 14 2 10 3 7 4 5 6 4 9 4 13 5 17 7 20 10 22 14 23 18 23 22 22 25 21 27 21 28 22 28 24 27 27 25 29 22 30 18 30 14 29 10 28 7 28 5 28 4 29 4 31 5 33 7 34 10 34 14 35 18 36
20 36 21 36 23 37 26 37 30 36 33 34 35 31 36 27 36 23 35 20 33 17 30 15 26 14 21 14 17 14 14 14 12 14 11 13 11 11 12 9 14 8 16 8 19 9 23 10 27 11 30 11 32 10 33 8 33 5 32 3 30 2 27 2 23 2 18 2 14 2 10 3 7 4 5 6 4 9 4 13 5 17 7 20 10 22 14 23 18 23 22 22 25 21 27 21 28 22 28 24 27 27 25 29 22 30 18 30 14 29 10 28 7 28 5 28 4 29 4 31 5 33 7 34 10 34 14 35 19 36
20 36 21 36 23 37 26 37 30 36 33 34 35 31 36 27 36 23 35 20 33 17 30 15 26 14 21 14 17 14 14 14 12 14 11 13 11 11 12 9 14 8 16 8 19 9 23 10 27 11 30 11 32 10 33 8 33 5 32 3 30 2 27 2 23 2 18 2 14 2 10 3 7 4 5 6 4 9 4 13 5 17 7 20 10 22 14 23 18 23 22 22 25 21 27 21 28 22 28 24 27 27 25 29 22 30 18 30 14 29 10 28 7 28 5 28 4 29 4 31 5 33 7 34 10 34 14 35 18 37
20 36 21 36 23 37 26 37 30 36 33 34 35 31 36 27 36 23 35 20 33 17 30 15 26 14 21 14 17 14 14 14 12 14 11 13 11 11 12 9 14 8 16 8 19 9 23 10 27 11 30 11 32 10 33 8 33 5 32 3 30 2 27 2 23 2 18 2 14 2 10 3 7 4 5 6 4 9 4 13 5 17 7 20 10 22 14 23 18 23 22 22 25 21 27 21 28 22 28 24 27 27 25 29 22 30 18 30 14 29 10 28 7 28 5 28 4 29 4 31 5 33 7 34 10 34 14 35 19 37
20 36 21 36 23 37 26 37 30 36 33 34 35 31 36 27 36 23 35 20 33 17 30 15 26 14 21 14 17 14 14 14 12 14 11 13 11 11 12 9 14 8 16 8 19 9 23 10 27 11 30 11 32 10 33 8 33 5 32 3 30 2 27 2 23 2 18 2 14 2 10 3 7 4 5 6 4 9 4 13 5 17 7 20 10 22 14 23 18 23 22 22 25 21 27 21 28 22 28 24 27 27 25 29 22 30 18 30 14 29 10 28 7 28 5 28 4 29 4 31 5 34 7 36 10 37 14 37 18 36
20 36 21 36 23 37 26 37 30 36 33 34 35 31 36 27 36 23 35 20 33 17 30 15 26 14 21 14 17 14 14 14 12 14 11 13 11 11 12 9 14 8 16 8 19 9 23 10 27 11 30 11 32 10 33 8 33 5 32 3 30 2 27 2 23 2 18 2 14 2 10 3 7 4 5 6 4 9 4 13 5 17 7 20 10 22 14 23 18 23 22 22 25 21 27 21 28 22 28 24 27 27 25 29 22 30 18 30 14 29 10 28 7 28 5 28 4 29 4 31 5 34 7 36 10 37 14 37 19 36
20 36 21 36 23 37 26 37 30 36 33 34 35 31 36 27 36 23 35 20 33 17 30 15 26 14 21 14 17 14 14 14 12 14 11 13 11 11 12 9 14 8 16 8 19 9 23 10 27 11 30 11 32 10 33 8 33 5 32 3 30 2 27 2 23 2 18 2 14 2 10 3 7 4 5 6 4 9 4 13 5 17 7 20 10 22 14 23 18 23 22 22 25 21 27 21 28 22 28 24 27 27 25 29 22 30 18 30 14 29 10 28 7 28 5 28 4 29 4 31 5 34 7 36 10 37 14 37 18 37
20 36 21 36 23 37 26 37 30 36 33 34 35 31 36 27 36 23 35 20 33 17 30 15 26 14 21 14 17 14 14 14 12 14 11 13 11 11 12 9 14 8 16 8 19 9 23 10 27 11 30 11 32 10 33 8 33 5 32 3 30 2 27 2 23 2 18 2 14 2 10 3 7 4 5 6 4 9 4 13 5 17 7 20 10 22 14 23 18 23 22 22 25 21 27 21 28 22 28 24 27 27 25 29 22 30 18 30 14 29 10 28 7 28 5 28 4 29 4 31 5 34 7 36 10 37 14 37 19 37
20 36 21 36 23 37 26 37 30 36 33 34 35 31 36 27 36 23 35 20 33 17 30 15 26 14 21 14 17 14 14 14 12 14 11 13 11 11 12 9 14 8 16 8 19 9 23 10 27 11 30 11 32 10 33 8 33 5 32 3 30 2 27 2 23 2 18 2 14 2 10 3 7 4 5 6 4 9 4 13 5 17 7 20 10 22 14 23 18 23 22 22 25 21 27 21 28 22 28 24 27 27 25 29 22 30 18 30 14 29 10 28 7 28 5 28 4 29 4 31 5 34 7 36 10 37 14 37 18 38
20 36 21 36 23 37 26 37 30 36 33 34 35 31 36 27 36 23 35 20 33 17 30 15 26 14 21 14 17 14 14 14 12 14 11 13 11 11 12 9 14 8 16 8 19 9 23 10 27 11 30 11 32 10 33 8 33 5 32 3 30 2 27 2 23 2 18 2 14 2 10 3 7 4 5 6 4 9 4 13 5 17 7 20 10 22 14 23 18 23 22 22 25 21 27 21 28 22 28 24 27 27 25 29 22 30 18 30 14 29 10 28 7 28 5 28 4 29 4 31 5 34 7 36 10 37 14 37 19 38
20 36 21 36 23 37 26 37 30 36 33 34 35 31 36 27 36 23 35 20 33 17 30 15 26 14 21 14 17 14 14 14 12 14 11 13 11 11 12 9 14 8 16 8 19 9 23 10 27 11 30 11 32 10 33 8 33 5 32 3 30 2 27 2 23 2 18 2 14 2 10 3 7 4 5 6 4 9 4 13 5 17 7 20 10 22 14 23 18 23 22 22 25 21 27 21 28 22 28 24 27 27 25 29 22 30 18 30 14 29 10 28 7 28 5 29 4 30 4 32 5 34 7 35 10 35 14 34 18 34
20 36 21 36 23 37 26 37 30 36 33 34 35 31 36 27 36 23 35 20 33 17 30 15 26 14 21 14 17 14 14 14 12 14 11 13 11 11 12 9 14 8 16 8 19 9 23 10 27 11 30 11 32 10 33 8 33 5 32 3 30 2 27 2 23 2 18 2 14 2 10 3 7 4 5 6 4 9 4 13 5 17 7 20 10 22 14 23 18 23 22 22 25 21 27 21 28 22 28 24 27 27 25 29 22 30 18 30 14 29 10 28 7 28 5 29 4 30 4 32 5 34 7 35 10 35 14 34 19 34
20 36 21 36 23 37 26 37 30 36 33 34 35 31 36 27 36 23 35 20 33 17 30 15 26 14 21 14 17 14 14 14 12 14 11 13 11 11 12 9 14 8 16 8 19 9 23 10 27 11 30 11 32 10 33 8 33 5 32 3 30 2 27 2 23 2 18 2 14 2 10 3 7 4 5 6 4 9 4 13 5 17 7 20 10 22 14 23 18 23 22 22 25 21 27 21 28 22 28 24 27 27 25 29 22 30 18 30 14 29 10 28 7 28 5 29 4 30 4 32 5 35 7 37 10 38 14 38 18 37
20 36 21 36 23 37 26 37 30 36 33 34 35 31 36 27 36 23 35 20 33 17 30 15 26 14 21 14 17 14 14 14 12 14 11 13 11 11 12 9 14 8 16 8 19 9 23 10 27 11 30 11 32 10 33 8 33 5 32 3 30 2 27 2 23 2 18 2 14 2 10 3 7 4 5 6 4 9 4 13 5 17 7 20 10 22 14 23 18 23 22 22 25 21 27 21 28 22 28 24 27 27 25 29 22 30 18 30 14 29 10 28 7 28 5 29 4 30 4 32 5 35 7 37 10 38 14 38 19 37
20 36 21 36 23 37 26 37 30 36 33 34 35 31 36 27 36 23 35 20 33 17 30 15 26 14 21 14 17 14 14 14 12 14 11 13 11 11 12 9 14 8 16 8 19 9 23 10 27 11 30 11 32 10 33 8 33 5 32 3 30 2 27 2 23 2 18 2 14 2 10 3 7 4 5 6 4 9 4 13 5 17 7 20 10 22 14 23 18 23 22 22 25 21 27 21 28 22 28 24 27 27 25 29 22 30 18 30 14 29 10 28 7 28 5 29 4 30 4 32 5 35 7 37 10 38 14 38 18 38
20 36 21 36 23 37 26 37 30 36 33 34 35 31 36 27 36 23 35 20 33 17 30 15 26 14 21 14 17 14 14 14 12 14 11 13 11 11 12 9 14 8 16 8 19 9 23 10 27 11 30 11 32 10 33 8 33 5 32 3 30 2 27 2 23 2 18 2 14 2 10 3 7 4 5 6 4 9 4 13 5 17 7 20 10 22 14 23 18 23 22 22 25 21 27 21 28 22 28 24 27 27 25 29 22 30 18 30 14 29 10 28 7 28 5 29 4 30 4 32 5 35 7 37 10 38 14 38 19 38
20 36 21 36 23 37 26 37 30 36 33 34 35 31 36 27 36 23 35 20 33 17 30 15 26 14 21 14 17 14 14 14 12 14 11 13 11 11 12 9 14 8 16 8 19 9 23 10 27 11 30 11 32 10 33 8 33 5 32 3 30 2 27 2 23 2 18 2 14 2 10 3 7 4 5 6 4 9 4 13 5 17 7 20 10 22 14 23 18 23 22 22 25 21 27 21 28 22 28 24 27 27 25 29 22 30 18 30 14 29 10 28 7 28 5 29 4 31 4 33 5 35 7 36 10 36 14 35 18 34
20 36 21 36 23 37 26 37 30 36 33 34 35 31 36 27 36 23 35 20 33 17 30 15 26 14 21 14 17 14 14 14 12 14 11 13 11 11 12 9 14 8 16 8 19 9 23 10 27 11 30 11 32 10 33 8 33 5 32 3 30 2 27 2 23 2 18 2 14 2 10 3 7 4 5 6 4 9 4 13 5 17 7 20 10 22 14 23 18 23 22 22 25 21 27 21 28 22 28 24 27 27 25 29 22 30 18 30 14 29 10 28 7 28 5 29 4 31 4 33 5 35 7 36 10 36 14 35 19 34
20 36 21 36 23 37 26 37 30 36 33 34 35 31 36 27 36 23 35 20 33 17 30 15 26 14 21 14 17 14 14 14 12 14 11 13 11 11 12 9 14 8 16 8 19 9 23 10 27 11 30 11 32 10 33 8 33 5 32 3 30 2 27 2 23 2 18 2 14 2 10 3 7 4 5 6 4 9 4 13 5 17 7 20 10 22 14 23 18 23 22 22 25 21 27 21 28 22 28 24 27 27 25 29 22 30 18 30 14 29 10 28 7 28 5 29 4 31 4 33 5 35 7 36 10 36 14 35 18 35
20 36 21 36 23 37 26 37 30 36 33 34 35 31 36 27 36 23 35 20 33 17 30 15 26 14 21 14 17 14 14 14 12 14 11 13 11 11 12 9 14 8 16 8 19 9 23 10 27 11 30 11 32 10 33 8 33 5 32 3 30 2 27 2 23 2 18 2 14 2 10 3 7 4 5 6 4 9 4 13 5 17 7 20 10 22 14 23 18 23 22 22 25 21 27 21 28 22 28 24 27 27 25 29 22 30 18 30 14 29 10 28 7 28 5 29 4 31 4 33 5 35 7 36 10 36 14 35 19 35
20 36 21 36 23 37 26 37 30 36 33 34 35 31 36 27 36 23 35 20 33 17 30 15 26 14 21 14 17 14 14 14 12 14 11 13 11 11 12 9 14 8 16 8 19 9 23 10 27 11 30 11 32 10 33 8 33 5 32 3 30 2 27 2 23 2 18 2 14 2 10 3 7 4 5 6 4 9 4 13 5 17 7 20 10 22 14 23 18 23 22 22 25 21 27 21 28 22 28 24 27 27 25 29 22 30 18 30 14 29 10 28 7 28 5 29 4 31 4 34 5 36 7 37 10 37 14 36 18 34
20 36 21 36 23 37 26 37 30 36 33 34 35 31 36 27 36 23 35 20 33 17 30 15 26 14 21 14 17 14 14 14 12 14 11 13 11 11 12 9 14 8 16 8 19 9 23 10 27 11 30 11 32 10 33 8 33 5 32 3 30 2 27 2 23 2 18 2 14 2 10 3 7 4 5 6 4 9 4 13 5 17 7 20 10 22 14 23 18 23 22 22 25 21 27 21 28 22 28 24 27 27 25 29 22 30 18 30 14 29 10 28 7 28 5 29 4 31 4 34 5 36 7 37 10 37 14 36 19 34
20 36 21 36 23 37 26 37 30 36 33 34 35 31 36 27 36 23 35 20 33 17 30 15 26 14 21 14 17 14 14 14 12 14 11 13 11 11 12 9 14 8 16 8 19 9 23 10 27 11 30 11 32 10 33 8 33 5 32 3 30 2 27 2 23 2 18 2 14 2 10 3 7 4 5 6 4 9 4 13 5 17 7 20 10 22 14 23 18 23 22 22 25 21 27 21 28 22 28 24 27 27 25 29 22 30 18 30 14 29 10 28 7 28 5 29 4 31 4 34 5 36 7 37 10 37 14 36 18 35
20 36 21 36 23 37 26 37 30 36 33 34 35 31 36 27 36 23 35 20 33 17 30 15 26 14 21 14 17 14 14 14 12 14 11 13 11 11 12 9 14 8 16 8 19 9 23 10 27 11 30 11 32 10 33 8 33 5 32 3 30 2 27 2 23 2 18 2 14 2 10 3 7 4 5 6 4 9 4 13 5 17 7 20 10 22 14 23 18 23 22 22 25 21 27 21 28 22 28 24 27 27 25 29 22 30 18 30 14 29 10 28 7 28 5 29 4 31 4 34 5 36 7 37 10 37 14 36 19 35
20 36 21 36 23 37 26 37 30 36 33 34 35 31 36 27 36 23 35 20 33 17 30 15 26 14 21 14 17 14 14 14 12 14 11 13 11 11 12 9 14 8 16 8 19 9 23 10 27 11 30 11 32 10 33 8 33 5 32 3 30 2 27 2 23 2 18 2 14 2 10 3 7 4 5 6 4 9 4 13 5 17 7 20 10 22 14 23 18 23 22 22 25 21 27 21 28 22 28 24 27 27 25 29 22 30 18 30 14 29 10 28 7 28 5 29 4 31 4 34 5 36 7 37 10 37 14 36 18 36
20 36 21 36 23 37 26 37 30 36 33 34 35 31 36 27 36 23 35 20 33 17 30 15 26 14 21 14 17 14 14 14 12 14 11 13 11 11 12 9 14 8 16 8 19 9 23 10 27 11 30 11 32 10 33 8 33 5 32 3 30 2 27 2 23 2 18 2 14 2 10 3 7 4 5 6 4 9 4 13 5 17 7 20 10 22 14 23 18 23 22 22 25 21 27 21 28 22 28 24 27 27 25 29 22 30 18 30 14 29 10 28 7 28 5 29 4 31 4 34 5 36 7 37 10 37 14 36 19 36
20 36 21 36 23 37 26 37 30 36 33 34 35 31 36 27 36 23 35 20 33 17 30 15 26 14 21 14 17 14 14 14 12 14 11 13 11 11 12 9 14 8 16 8 19 9 23 10 27 11 30 11 32 10 33 8 33 5 32 3 30 2 27 2 23 2 18 2 14 2 10 3 7 4 5 6 4 9 4 13 5 17 7 20 10 22 14 23 18 23 22 22 25 21 27 21 28 22 28 24 27 27 25 29 22 30 18 30 14 29 11 28 8 27 6 27 5 28 5 30 6 33 8 35 11 36 14 36 18 35
20 36 21 36 23 37 26 37 30 36 33 34 35 31 36 27 36 23 35 20 33 17 30 15 26 14 21 14 17 14 14 14 12 14 11 13 11 11 12 9 14 8 16 8 19 9 23 10 27 11 30 11 32 10 33 8 33 5 32 3 30 2 27 2 23 2 18 2 14 2 10 3 7 4 5 6 4 9 4 13 5 17 7 20 10 22 14 23 18 23 22 22 25 21 27 21 28 22 28 24 27 27 25 29 22 30 18 30 14 29 11 28 8 27 6 27 5 28 5 30 6 33 8 35 11 36 14 36 18 36
20 36 21 36 23 37 26 37 30 36 33 34 35 31 36 27 36 23 35 20 33 17 30 15 26 14 21 14 17 14 14 14 12 14 11 13 11 11 12 9 14 8 16 8 19 9 23 10 27 11 30 11 32 10 33 8 33 5 32 3 30 2 27 2 23 2 18 2 14 2 10 3 7 4 5 6 4 9 4 13 5 17 7 20 10 22 14 23 18 23 22 22 25 21 27 21 28 22 28 24 27 27 25 29 22 30 18 30 14 29 11 28 8 27 6 27 5 28 5 30 6 33 8 35 11 36 14 36 18 37
20 36 21 36 23 37 26 37 30 36 33 34 35 31 36 27 36 23 35 20 33 17 30 15 26 14 21 14 17 14 14 14 12 14 11 13 11 11 12 9 14 8 16 8 19 9 23 10 27 11 30 11 32 10 33 8 33 5 32 3 30 2 27 2 23 2 18 2 14 2 10 3 7 4 5 6 4 9 4 13 5 17 7 20 10 22 14 23 18 23 22 22 25 21 27 21 28 22 28 24 27 27 25 29 22 30 18 30 14 29 11 28 8 27 6 27 5 28 5 30 6 33 8 35 11 36 15 36 18 35
20 36 21 36 23 37 26 37 30 36 33 34 35 31 36 27 36 23 35 20 33 17 30 15 26 14 21 14 17 14 14 14 12 14 11 13 11 11 12 9 14 8 16 8 19 9 23 10 27 11 30 11 32 10 33 8 33 5 32 3 30 2 27 2 23 2 18 2 14 2 10 3 7 4 5 6 4 9 4 13 5 17 7 20 10 22 14 23 18 23 22 22 25 21 27 21 28 22 28 24 27 27 25 29 22 30 18 30 14 29 11 28 8 27 6 27 5 28 5 30 6 33 8 35 11 36 15 36 19 35
20 36 21 36 23 37 26 37 30 36 33 34 35 31 36 27 36 23 35 20 33 17 30 15 26 14 21 14 17 14 14 14 12 14 11 13 11 11 12 9 14 8 16 8 19 9 23 10 27 11 30 11 32 10 33 8 33 5 32 3 30 2 27 2 23 2 18 2 14 2 10 3 7 4 5 6 4 9 4 13 5 17 7 20 10 22 14 23 18 23 22 22 25 21 27 21 28 22 28 24 27 27 25 29 22 30 18 30 14 29 11 28 8 27 6 27 5 28 5 30 6 33 8 35 11 36 15 36 20 35
20 36 21 36 23 37 26 37 30 36 33 34 35 31 36 27 36 23 35 20 33 17 30 15 26 14 21 14 17 14 14 14 12 14 11 13 11 11 12 9 14 8 16 8 19 9 23 10 27 11 30 11 32 10 33 8 33 5 32 3 30 2 27 2 23 2 18 2 14 2 10 3 7 4 5 6 4 9 4 13 5 17 7 20 10 22 14 23 18 23 22 22 25 21 27 21 28 22 28 24 27 27 25 29 22 30 18 30 14 29 11 28 8 27 6 27 5 28 5 30 6 33 8 35 11 36 15 36 18 36
20 36 21 36 23 37 26 37 30 36 33 34 35 31 36 27 36 23 35 20 33 17 30 15 26 14 21 14 17 14 14 14 12 14 11 13 11 11 12 9 14 8 16 8 19 9 23 10 27 11 30 11 32 10 33 8 33 5 32 3 30 2 27 2 23 2 18 2 14 2 10 3 7 4 5 6 4 9 4 13 5 17 7 20 10 22 14 23 18 23 22 22 25 21 27 21 28 22 28 24 27 27 25 29 22 30 18 30 14 29 11 28 8 27 6 27 5 28 5 30 6 33 8 35 11 36 15 36 19 36
20 36 21 36 23 37 26 37 30 36 33 34 35 31 36 27 36 23 35 20 33 17 30 15 26 14 21 14 17 14 14 14 12 14 11 13 11 11 12 9 14 8 16 8 19 9 23 10 27 11 30 11 32 10 33 8 33 5 32 3 30 2 27 2 23 2 18 2 14 2 10 3 7 4 5 6 4 9 4 13 5 17 7 20 10 22 14 23 18 23 22 22 25 21 27 21 28 22 28 24 27 27 25 29 22 30 18 30 14 29 11 28 8 27 6 27 5 28 5 30 6 33 8 35 11 36 15 36 20 36
20 36 21 36 23 37 26 37 30 36 33 34 35 31 36 27 36 23 35 20 33 17 30 15 26 14 21 14 17 14 14 14 12 14 11 13 11 11 12 9 14 8 16 8 19 9 23 10 27 11 30 11 32 10 33 8 33 5 32 3 30 2 27 2 23 2 18 2 14 2 10 3 7 4 5 6 4 9 4 13 5 17 7 20 10 22 14 23 18 23 22 22 25 21 27 21 28 22 28 24 27 27 25 29 22 30 18 30 14 29 11 28 8 27 6 27 5 28 5 30 6 33 8 35 11 36 15 36 18 37
20 36 21 36 23 37 26 37 30 36 33 34 35 31 36 27 36 23 35 20 33 17 30 15 26 14 21 14 17 14 14 14 12 14 11 13 11 11 12 9 14 8 16 8 19 9 23 10 27 11 30 11 32 10 33 8 33 5 32 3 30 2 27 2 23 2 18 2 14 2 10 3 7 4 5 6 4 9 4 13 5 17 7 20 10 22 14 23 18 23 22 22 25 21 27 21 28 22 28 24 27 27 25 29 22 30 18 30 14 29 11 28 8 27 6 27 5 28 5 30 6 33 8 35 11 36 15 36 19 37
20 36 21 36 23 37 26 37 30 36 33 34 35 31 36 27 36 23 35 20 33 17 30 15 26 14 21 14 17 14 14 14 12 14 11 13 11 11 12 9 14 8 16 8 19 9 23 10 27 11 30 11 32 10 33 8 33 5 32 3 30 2 27 2 23 2 18 2 14 2 10 3 7 4 5 6 4 9 4 13 5 17 7 20 10 22 14 23 18 23 22 22 25 21 27 21 28 22 28 24 27 27 25 29 22 30 18 30 14 29 11 28 8 27 6 27 5 28 5 30 6 33 8 35 11 36 15 36 20 37
20 36 21 36 23 37 26 37 30 36 33 34 35 31 36 27 36 23 35 20 33 17 30 15 26 14 21 14 17 14 14 14 12 14 11 13 11 11 12 9 14 8 16 8 19 9 23 10 27 11 30 11 32 10 33 8 33 5 32 3 30 2 27 2 23 2 18 2 14 2 10 3 7 4 5 6 4 9 4 13 5 17 7 20 10 22 14 23 18 23 22 22 25 21 27 21 28 22 28 24 27 27 25 29 22 30 18 30 14 29 11 28 8 27 6 27 5 28 5 30 6 33 8 35 11 36 14 37 18 37
20 36 21 36 23 37 26 37 30 36 33 34 35 31 36 27 36 23 35 20 33 17 30 15 26 14 21 14 17 14 14 14 12 14 11 13 11 11 12 9 14 8 16 8 19 9 23 10 27 11 30 11 32 10 33 8 33 5 32 3 30 2 27 2 23 2 18 2 14 2 10 3 7 4 5 6 4 9 4 13 5 17 7 20 10 22 14 23 18 23 22 22 25 21 27 21 28 22 28 24 27 27 25 29 22 30 18 30 14 29 11 28 8 27 6 27 5 28 5 30 6 33 8 35 11 36 14 37 18 38
20 36 21 36 23 37 26 37 30 36 33 34 35 31 36 27 36 23 35 20 33 17 30 15 26 14 21 14 17 14 14 14 12 14 11 13 11 11 12 9 14 8 16 8 19 9 23 10 27 11 30 11 32 10 33 8 33 5 32 3 30 2 27 2 23 2 18 2 14 2 10 3 7 4 5 6 4 9 4 13 5 17 7 20 10 22 14 23 18 23 22 22 25 21 27 21 28 22 28 24 27 27 25 29 22 30 18 30 14 29 11 28 8 27 6 27 5 28 5 30 6 33 8 35 11 36 15 37 18 37
20 36 21 36 23 37 26 37 30 36 33 34 35 31 36 27 36 23 35 20 33 17 30 15 26 14 21 14 17 14 14 14 12 14 11 13 11 11 12 9 14 8 16 8 19 9 23 10 27 11 30 11 32 10 33 8 33 5 32 3 30 2 27 2 23 2 18 2 14 2 10 3 7 4 5 6 4 9 4 13 5 17 7 20 10 22 14 23 18 23 22 22 25 21 27 21 28 22 28 24 27 27 25 29 22 30 18 30 14 29 11 28 8 27 6 27 5 28 5 30 6 33 8 35 11 36 15 37 19 37
20 36 21 36 23 37 26 37 30 36 33 34 35 31 36 27 36 23 35 20 33 17 30 15 26 14 21 14 17 14 14 14 12 14 11 13 11 11 12 9 14 8 16 8 19 9 23 10 27 11 30 11 32 10 33 8 33 5 32 3 30 2 27 2 23 2 18 2 14 2 10 3 7 4 5 6 4 9 4 13 5 17 7 20 10 22 14 23 18 23 22 22 25 21 27 21 28 22 28 24 27 27 25 29 22 30 18 30 14 29 11 28 8 27 6 27 5 28 5 30 6 33 8 35 11 36 15 37 20 37
20 36 21 36 23 37 26 37 30 36 33 34 35 31 36 27 36 23 35 20 33 17 30 15 26 14 21 14 17 14 14 14 12 14 11 13 11 11 12 9 14 8 16 8 19 9 23 10 27 11 30 11 32 10 33 8 33 5 32 3 30 2 27 2 23 2 18 2 14 2 10 3 7 4 5 6 4 9 4 13 5 17 7 20 10 22 14 23 18 23 22 22 25 21 27 21 28 22 28 24 27 27 25 29 22 30 18 30 14 29 11 28 8 27 6 27 5 28 5 30 6 33 8 35 11 36 15 37 18 38
20 36 21 36 23 37 26 37 30 36 33 34 35 31 36 27 36 23 35 20 33 17 30 15 26 14 21 14 17 14 14 14 12 14 11 13 11 11 12 9 14 8 16 8 19 9 23 10 27 11 30 11 32 10 33 8 33 5 32 3 30 2 27 2 23 2 18 2 14 2 10 3 7 4 5 6 4 9 4 13 5 17 7 20 10 22 14 23 18 23 22 22 25 21 27 21 28 22 28 24 27 27 25 29 22 30 18 30 14 29 11 28 8 27 6 27 5 28 5 30 6 33 8 35 11 36 15 37 19 38
20 36 21 36 23 37 26 37 30 36 33 34 35 31 36 27 36 23 35 20 33 17 30 15 26 14 21 14 17 14 14 14 12 14 11 13 11 11 12 9 14 8 16 8 19 9 23 10 27 11 30 11 32 10 33 8 33 5 32 3 30 2 27 2 23 2 18 2 14 2 10 3 7 4 5 6 4 9 4 13 5 17 7 20 10 22 14 23 18 23 22 22 25 21 27 21 28 22 28 24 27 27 25 29 22 30 18 30 14 29 11 28 8 27 6 27 5 28 5 30 6 33 8 35 11 36 15 37 20 38
20 36 21 36 23 37 26 37 30 36 33 34 35 31 36 27 36 23 35 20 33 17 30 15 26 14 21 14 17 14 14 14 12 14 11 13 11 11 12 9 14 8 16 8 19 9 23 10 27 11 30 11 32 10 33 8 33 5 32 3 30 2 27 2 23 2 18 2 14 2 10 3 7 4 5 6 4 9 4 13 5 17 7 20 10 22 14 23 18 23 22 22 25 21 27 21 28 22 28 24 27 27 25 29 22 30 18 30 14 29 11 28 8 27 6 27 5 28 5 30 6 33 8 35 11 37 14 38 18 38
20 36 21 36 23 37 26 37 30 36 33 34 35 31 36 27 36 23 35 20 33 17 30 15 26 14 21 14 17 14 14 14 12 14 11 13 11 11 12 9 14 8 16 8 19 9 23 10 27 11 30 11 32 10 33 8 33 5 32 3 30 2 27 2 23 2 18 2 14 2 10 3 7 4 5 6 4 9 4 13 5 17 7 20 10 22 14 23 18 23 22 22 25 21 27 21 28 22 28 24 27 27 25 29 22 30 18 30 14 29 11 28 8 27 6 27 5 28 5 30 6 33 8 35 11 37 15 38 18 38
20 36 21 36 23 37 26 37 30 36 33 34 35 31 36 27 36 23 35 20 33 17 30 15 26 14 21 14 17 14 14 14 12 14 11 13 11 11 12 9 14 8 16 8 19 9 23 10 27 11 30 11 32 10 33 8 33 5 32 3 30 2 27 2 23 2 18 2 14 2 10 3 7 4 5 6 4 9 4 13 5 17 7 20 10 22 14 23 18 23 22 22 25 21 27 21 28 22 28 24 27 27 25 29 22 30 18 30 14 29 11 28 8 27 6 27 5 28 5 30 6 33 8 35 11 37 15 38 19 38
20 36 21 36 23 37 26 37 30 36 33 34 35 31 36 27 36 23 35 20 33 17 30 15 26 14 21 14 17 14 14 14 12 14 11 13 11 11 12 9 14 8 16 8 19 9 23 10 27 11 30 11 32 10 33 8 33 5 32 3 30 2 27 2 23 2 18 2 14 2 10 3 7 4 5 6 4 9 4 13 5 17 7 20 10 22 14 23 18 23 22 22 25 21 27 21 28 22 28 24 27 27 25 29 22 30 18 30 14 29 11 28 8 27 6 27 5 28 5 30 6 33 8 35 11 37 15 38 20 38
20 36 21 36 23 37 26 37 30 36 33 34 35 31 36 27 36 23 35 20 33 17 30 15 26 14 21 14 17 14 14 14 12 14 11 13 11 11 12 9 14 8 16 8 19 9 23 10 27 11 30 11 32 10 33 8 33 5 32 3 30 2 27 2 23 2 18 2 14 2 10 3 7 4 5 6 4 9 4 13 5 17 7 20 10 22 14 23 18 23 22 22 25 21 27 21 28 22 28 24 27 27 25 29 22 30 18 30 14 29 11 28 8 28 6 28 5 29 5 31 6 34 8 36 11 37 14 37 18 36
20 36 21 36 23 37 26 37 30 36 33 34 35 31 36 27 36 23 35 20 33 17 30 15 26 14 21 14 17 14 14 14 12 14 11 13 11 11 12 9 14 8 16 8 19 9 23 10 27 11 30 11 32 10 33 8 33 5 32 3 30 2 27 2 23 2 18 2 14 2 10 3 7 4 5 6 4 9 4 13 5 17 7 20 10 22 14 23 18 23 22 22 25 21 27 21 28 22 28 24 27 27 25 29 22 30 18 30 14 29 11 28 8 28 6 28 5 29 5 31 6 34 8 36 11 37 14 37 18 37
20 36 21 36 23 37 26 37 30 36 33 34 35 31 36 27 36 23 35 20 33 17 30 15 26 14 21 14 17 14 14 14 12 14 11 13 11 11 12 9 14 8 16 8 19 9 23 10 27 11 30 11 32 10 33 8 33 5 32 3 30 2 27 2 23 2 18 2 14 2 10 3 7 4 5 6 4 9 4 13 5 17 7 20 10 22 14 23 18 23 22 22 25 21 27 21 28 22 28 24 27 27 25 29 22 30 18 30 14 29 11 28 8 28 6 28 5 29 5 31 6 34 8 36 11 37 14 37 18 38
20 36 21 36 23 37 26 37 30 36 33 34 35 31 36 27 36 23 35 20 33 17 30 15 26 14 21 14 17 14 14 14 12 14 11 13 11 11 12 9 14 8 16 8 19 9 23 10 27 11 30 11 32 10 33 8 33 5 32 3 30 2 27 2 23 2 18 2 14 2 10 3 7 4 5 6 4 9 4 13 5 17 7 20 10 22 14 23 18 23 22 22 25 21 27 21 28 22 28 24 27 27 25 29 22 30 18 30 14 29 11 28 8 28 6 28 5 29 5 31 6 34 8 36 11 37 15 37 18 36
20 36 21 36 23 37 26 37 30 36 33 34 35 31 36 27 36 23 35 20 33 17 30 15 26 14 21 14 17 14 14 14 12 14 11 13 11 11 12 9 14 8 16 8 19 9 23 10 27 11 30 11 32 10 33 8 33 5 32 3 30 2 27 2 23 2 18 2 14 2 10 3 7 4 5 6 4 9 4 13 5 17 7 20 10 22 14 23 18 23 22 22 25 21 27 21 28 22 28 24 27 27 25 29 22 30 18 30 14 29 11 28 8 28 6 28 5 29 5 31 6 34 8 36 11 37 15 37 19 36
20 36 21 36 23 37 26 37 30 36 33 34 35 31 36 27 36 23 35 20 33 17 30 15 26 14 21 14 17 14 14 14 12 14 11 13 11 11 12 9 14 8 16 8 19 9 23 10 27 11 30 11 32 10 33 8 33 5 32 3 30 2 27 2 23 2 18 2 14 2 10 3 7 4 5 6 4 9 4 13 5 17 7 20 10 22 14 23 18 23 22 22 25 21 27 21 28 22 28 24 27 27 25 29 22 30 18 30 14 29 11 28 8 28 6 28 5 29 5 31 6 34 8 36 11 37 15 37 20 36
20 36 21 36 23 37 26 37 30 36 33 34 35 31 36 27 36 23 35 20 33 17 30 15 26 14 21 14 17 14 14 14 12 14 11 13 11 11 12 9 14 8 16 8 19 9 23 10 27 11 30 11 32 10 33 8 33 5 32 3 30 2 27 2 23 2 18 2 14 2 10 3 7 4 5 6 4 9 4 13 5 17 7 20 10 22 14 23 18 23 22 22 25 21 27 21 28 22 28 24 27 27 25 29 22 30 18 30 14 29 11 28 8 28 6 28 5 29 5 31 6 34 8 36 11 37 15 37 18 37
20 36 21 36 23 37 26 37 30 36 33 34 35 31 36 27 36 23 35 20 33 17 30 15 26 14 21 14 17 14 14 14 12 14 11 13 11 11 12 9 14 8 16 8 19 9 23 10 27 11 30 11 32 10 33 8 33 5 32 3 30 2 27 2 23 2 18 2 14 2 10 3 7 4 5 6 4 9 4 13 5 17 7 20 10 22 14 23 18 23 22 22 25 21 27 21 28 22 28 24 27 27 25 29 22 30 18 30 14 29 11 28 8 28 6 28 5 29 5 31 6 34 8 36 11 37 15 37 19 37
20 36 21 36 23 37 26 37 30 36 33 34 35 31 36 27 36 23 35 20 33 17 30 15 26 14 21 14 17 14 14 14 12 14 11 13 11 11 12 9 14 8 16 8 19 9 23 10 27 11 30 11 32 10 33 8 33 5 32 3 30 2 27 2 23 2 18 2 14 2 10 3 7 4 5 6 4 9 4 13 5 17 7 20 10 22 14 23 18 23 22 22 25 21 27 21 28 22 28 24 27 27 25 29 22 30 18 30 14 29 11 28 8 28 6 28 5 29 5 31 6 34 8 36 11 37 15 37 20 37
20 36 21 36 23 37 26 37 30 36 33 34 35 31 36 27 36 23 35 20 33 17 30 15 26 14 21 14 17 14 14 14 12 14 11 13 11 11 12 9 14 8 16 8 19 9 23 10 27 11 30 11 32 10 33 8 33 5 32 3 30 2 27 2 23 2 18 2 14 2 10 3 7 4 5 6 4 9 4 13 5 17 7 20 10 22 14 23 18 23 22 22 25 21 27 21 28 22 28 24 27 27 25 29 22 30 18 30 14 29 11 28 8 28 6 28 5 29 5 31 6 34 8 36 11 37 15 37 18 38
20 36 21 36 23 37 26 37 30 36 33 34 35 31 36 27 36 23 35 20 33 17 30 15 26 14 21 14 17 14 14 14 12 14 11 13 11 11 12 9 14 8 16 8 19 9 23 10 27 11 30 11 32 10 33 8 33 5 32 3 30 2 27 2 23 2 18 2 14 2 10 3 7 4 5 6 4 9 4 13 5 17 7 20 10 22 14 23 18 23 22 22 25 21 27 21 28 22 28 24 27 27 25 29 22 30 18 30 14 29 11 28 8 28 6 28 5 29 5 31 6 34 8 36 11 37 15 37 19 38
20 36 21 36 23 37 26 37 30 36 33 34 35 31 36 27 36 23 35 20 33 17 30 15 26 14 21 14 17 14 14 14 12 14 11 13 11 11 12 9 14 8 16 8 19 9 23 10 27 11 30 11 32 10 33 8 33 5 32 3 30 2 27 2 23 2 18 2 14 2 10 3 7 4 5 6 4 9 4 13 5 17 7 20 10 22 14 23 18 23 22 22 25 21 27 21 28 22 28 24 27 27 25 29 22 30 18 30 14 29 11 28 8 28 6 28 5 29 5 31 6 34 8 36 11 37 15 37 20 38
20 36 21 36 23 37 26 37 30 36 33 34 35 31 36 27 36 23 35 20 33 17 30 15 26 14 21 14 17 14 14 14 12 14 11 13 11 11 12 9 14 8 16 8 19 9 23 10 27 11 30 11 32 10 33 8 33 5 32 3 30 2 27 2 23 2 18 2 14 2 10 3 7 4 5 6 4 9 4 13 5 17 7 20 10 22 14 23 18 23 22 22 25 21 27 21 28 22 28 24 27 27 25 29 22 30 18 30 14 29 11 28 8 28 6 29 5 30 5 32 6 34 8 35 11 35 14 34 18 34
20 36 21 36 23 37 26 37 30 36 33 34 35 31 36 27 36 23 35 20 33 17 30 15 26 14 21 14 17 14 14 14 12 14 11 13 11 11 12 9 14 8 16 8 19 9 23 10 27 11 30 11 32 10 33 8 33 5 32 3 30 2 27 2 23 2 18 2 14 2 10 3 7 4 5 6 4 9 4 13 5 17 7 20 10 22 14 23 18 23 22 22 25 21 27 21 28 22 28 24 27 27 25 29 22 30 18 30 14 29 11 28 8 28 6 29 5 30 5 32 6 34 8 35 11 35 15 34 18 34
20 36 21 36 23 37 26 37 30 36 33 34 35 31 36 27 36 23 35 20 33 17 30 15 26 14 21 14 17 14 14 14 12 14 11 13 11 11 12 9 14 8 16 8 19 9 23 10 27 11 30 11 32 10 33 8 33 5 32 3 30 2 27 2 23 2 18 2 14 2 10 3 7 4 5 6 4 9 4 13 5 17 7 20 10 22 14 23 18 23 22 22 25 21 27 21 28 22 28 24 27 27 25 29 22 30 18 30 14 29 11 28 8 28 6 29 5 30 5 32 6 34 8 35 11 35 15 34 19 34
20 36 21 36 23 37 26 37 30 36 33 34 35 31 36 27 36 23 35 20 33 17 30 15 26 14 21 14 17 14 14 14 12 14 11 13 11 11 12 9 14 8 16 8 19 9 23 10 27 11 30 11 32 10 33 8 33 5 32 3 30 2 27 2 23 2 18 2 14 2 10 3 7 4 5 6 4 9 4 13 5 17 7 20 10 22 14 23 18 23 22 22 25 21 27 21 28 22 28 24 27 27 25 29 22 30 18 30 14 29 11 28 8 28 6 29 5 30 5 32 6 34 8 35 11 35 15 34 20 34
20 36 21 36 23 37 26 37 30 36 33 34 35 31 36 27 36 23 35 20 33 17 30 15 26 14 21 14 17 14 14 14 12 14 11 13 11 11 12 9 14 8 16 8 19 9 23 10 27 11 30 11 32 10 33 8 33 5 32 3 30 2 27 2 23 2 18 2 14 2 10 3 7 4 5 6 4 9 4 13 5 17 7 20 10 22 14 23 18 23 22 22 25 21 27 21 28 22 28 24 27 27 25 29 22 30 18 30 14 29 11 28 8 28 6 29 5 30 5 32 6 34 8 35 11 35 14 35 18 34
20 36 21 36 23 37 26 37 30 36 33 34 35 31 36 27 36 23 35 20 33 17 30 15 26 14 21 14 17 14 14 14 12 14 11 13 11 11 12 9 14 8 16 8 19 9 23 10 27 11 30 11 32 10 33 8 33 5 32 3 30 2 27 2 23 2 18 2 14 2 10 3 7 4 5 6 4 9 4 13 5 17 7 20 10 22 14 23 18 23 22 22 25 21 27 21 28 22 28 24 27 27 25 29 22 30 18 30 14 29 11 28 8 28 6 29 5 30 5 32 6 34 8 35 11 35 14 35 18 35