100
20 35 21 34 23 34 25 35 28 36 31 36 33 35 34 33 34 31 33 29 31 28 30 28 30 27 31 25 32 23 34 22 35 22 35 21 34 19 32 17 29 16 25 15 21 14 18 14 16 13 15 12 15 10 16 9 17 9 19 9 22 10 26 11 30 11 33 11 35 10 36 8 36 5 35 3 33 2 30 1 26 1 21 1 16 1 12 2 9 3 7 4 5 6 4 8 4 11 4 15 5 18 6 20 8 21 11 22 14 22 16 23 17 24 17 26 16 27 14 27 11 28 8 29 6 31 5 34 5 36 6 37 8 37 11 36 14 34 18 33
20 35 21 34 23 34 25 35 28 36 31 36 33 35 34 33 34 31 33 29 31 28 30 28 30 27 31 25 32 23 34 22 35 22 35 21 34 19 32 17 29 16 25 15 21 14 18 14 16 13 15 12 15 10 16 9 17 9 19 9 22 10 26 11 30 11 33 11 35 10 36 8 36 5 35 3 33 2 30 1 26 1 21 1 16 1 12 2 9 3 7 4 5 6 4 8 4 11 4 15 5 18 6 20 8 21 11 22 14 22 16 23 17 24 17 26 16 27 14 27 11 28 8 29 6 31 5 34 5 36 6 37 8 37 11 36 15 34 18 33
20 35 21 34 23 34 25 35 28 36 31 36 33 35 34 33 34 31 33 29 31 28 30 28 30 27 31 25 32 23 34 22 35 22 35 21 34 19 32 17 29 16 25 15 21 14 18 14 16 13 15 12 15 10 16 9 17 9 19 9 22 10 26 11 30 11 33 11 35 10 36 8 36 5 35 3 33 2 30 1 26 1 21 1 16 1 12 2 9 3 7 4 5 6 4 8 4 11 4 15 5 18 6 20 8 21 11 22 14 22 16 23 17 24 17 26 16 27 14 27 11 28 8 29 6 31 5 34 5 36 6 37 8 37 11 36 15 34 19 33
20 35 21 34 23 34 25 35 28 36 31 36 33 35 34 33 34 31 33 29 31 28 30 28 30 27 31 25 32 23 34 22 35 22 35 21 34 19 32 17 29 16 25 15 21 14 18 14 16 13 15 12 15 10 16 9 17 9 19 9 22 10 26 11 30 11 33 11 35 10 36 8 36 5 35 3 33 2 30 1 26 1 21 1 16 1 12 2 9 3 7 4 5 6 4 8 4 11 4 15 5 18 6 20 8 21 11 22 14 22 16 23 17 24 17 26 16 27 14 27 11 28 8 29 6 31 5 34 5 36 6 37 8 37 11 36 15 34 20 33
20 35 21 34 23 34 25 35 28 36 31 36 33 35 34 33 34 31 33 29 31 28 30 28 30 27 31 25 32 23 34 22 35 22 35 21 34 19 32 17 29 16 25 15 21 14 18 14 16 13 15 12 15 10 16 9 17 9 19 9 22 10 26 11 30 11 33 11 35 10 36 8 36 5 35 3 33 2 30 1 26 1 21 1 16 1 12 2 9 3 7 4 5 6 4 8 4 11 4 15 5 18 6 20 8 21 11 22 14 22 16 23 17 24 17 26 16 27 14 27 11 28 8 29 6 31 5 34 5 36 6 37 8 37 11 36 14 35 18 33
20 35 21 34 23 34 25 35 28 36 31 36 33 35 34 33 34 31 33 29 31 28 30 28 30 27 31 25 32 23 34 22 35 22 35 21 34 19 32 17 29 16 25 15 21 14 18 14 16 13 15 12 15 10 16 9 17 9 19 9 22 10 26 11 30 11 33 11 35 10 36 8 36 5 35 3 33 2 30 1 26 1 21 1 16 1 12 2 9 3 7 4 5 6 4 8 4 11 4 15 5 18 6 20 8 21 11 22 14 22 16 23 17 24 17 26 16 27 14 27 11 28 8 29 6 31 5 34 5 36 6 37 8 37 11 36 14 35 18 34
20 35 21 34 23 34 25 35 28 36 31 36 33 35 34 33 34 31 33 29 31 28 30 28 30 27 31 25 32 23 34 22 35 22 35 21 34 19 32 17 29 16 25 15 21 14 18 14 16 13 15 12 15 10 16 9 17 9 19 9 22 10 26 11 30 11 33 11 35 10 36 8 36 5 35 3 33 2 30 1 26 1 21 1 16 1 12 2 9 3 7 4 5 6 4 8 4 11 4 15 5 18 6 20 8 21 11 22 14 22 16 23 17 24 17 26 16 27 14 27 11 28 8 29 6 31 5 34 5 36 6 37 8 37 11 36 14 35 18 35
20 35 21 34 23 34 25 35 28 36 31 36 33 35 34 33 34 31 33 29 31 28 30 28 30 27 31 25 32 23 34 22 35 22 35 21 34 19 32 17 29 16 25 15 21 14 18 14 16 13 15 12 15 10 16 9 17 9 19 9 22 10 26 11 30 11 33 11 35 10 36 8 36 5 35 3 33 2 30 1 26 1 21 1 16 1 12 2 9 3 7 4 5 6 4 8 4 11 4 15 5 18 6 20 8 21 11 22 14 22 16 23 17 24 17 26 16 27 14 27 11 28 8 29 6 31 5 34 5 36 6 37 8 37 11 36 15 35 18 33
20 35 21 34 23 34 25 35 28 36 31 36 33 35 34 33 34 31 33 29 31 28 30 28 30 27 31 25 32 23 34 22 35 22 35 21 34 19 32 17 29 16 25 15 21 14 18 14 16 13 15 12 15 10 16 9 17 9 19 9 22 10 26 11 30 11 33 11 35 10 36 8 36 5 35 3 33 2 30 1 26 1 21 1 16 1 12 2 9 3 7 4 5 6 4 8 4 11 4 15 5 18 6 20 8 21 11 22 14 22 16 23 17 24 17 26 16 27 14 27 11 28 8 29 6 31 5 34 5 36 6 37 8 37 11 36 15 35 19 33
20 35 21 34 23 34 25 35 28 36 31 36 33 35 34 33 34 31 33 29 31 28 30 28 30 27 31 25 32 23 34 22 35 22 35 21 34 19 32 17 29 16 25 15 21 14 18 14 16 13 15 12 15 10 16 9 17 9 19 9 22 10 26 11 30 11 33 11 35 10 36 8 36 5 35 3 33 2 30 1 26 1 21 1 16 1 12 2 9 3 7 4 5 6 4 8 4 11 4 15 5 18 6 20 8 21 11 22 14 22 16 23 17 24 17 26 16 27 14 27 11 28 8 29 6 31 5 34 5 36 6 37 8 37 11 36 15 35 20 33
20 35 21 34 23 34 25 35 28 36 31 36 33 35 34 33 34 31 33 29 31 28 30 28 30 27 31 25 32 23 34 22 35 22 35 21 34 19 32 17 29 16 25 15 21 14 18 14 16 13 15 12 15 10 16 9 17 9 19 9 22 10 26 11 30 11 33 11 35 10 36 8 36 5 35 3 33 2 30 1 26 1 21 1 16 1 12 2 9 3 7 4 5 6 4 8 4 11 4 15 5 18 6 20 8 21 11 22 14 22 16 23 17 24 17 26 16 27 14 27 11 28 8 29 6 31 5 34 5 36 6 37 8 37 11 36 15 35 18 34
20 35 21 34 23 34 25 35 28 36 31 36 33 35 34 33 34 31 33 29 31 28 30 28 30 27 31 25 32 23 34 22 35 22 35 21 34 19 32 17 29 16 25 15 21 14 18 14 16 13 15 12 15 10 16 9 17 9 19 9 22 10 26 11 30 11 33 11 35 10 36 8 36 5 35 3 33 2 30 1 26 1 21 1 16 1 12 2 9 3 7 4 5 6 4 8 4 11 4 15 5 18 6 20 8 21 11 22 14 22 16 23 17 24 17 26 16 27 14 27 11 28 8 29 6 31 5 34 5 36 6 37 8 37 11 36 15 35 19 34
20 35 21 34 23 34 25 35 28 36 31 36 33 35 34 33 34 31 33 29 31 28 30 28 30 27 31 25 32 23 34 22 35 22 35 21 34 19 32 17 29 16 25 15 21 14 18 14 16 13 15 12 15 10 16 9 17 9 19 9 22 10 26 11 30 11 33 11 35 10 36 8 36 5 35 3 33 2 30 1 26 1 21 1 16 1 12 2 9 3 7 4 5 6 4 8 4 11 4 15 5 18 6 20 8 21 11 22 14 22 16 23 17 24 17 26 16 27 14 27 11 28 8 29 6 31 5 34 5 36 6 37 8 37 11 36 15 35 20 34
20 35 21 34 23 34 25 35 28 36 31 36 33 35 34 33 34 31 33 29 31 28 30 28 30 27 31 25 32 23 34 22 35 22 35 21 34 19 32 17 29 16 25 15 21 14 18 14 16 13 15 12 15 10 16 9 17 9 19 9 22 10 26 11 30 11 33 11 35 10 36 8 36 5 35 3 33 2 30 1 26 1 21 1 16 1 12 2 9 3 7 4 5 6 4 8 4 11 4 15 5 18 6 20 8 21 11 22 14 22 16 23 17 24 17 26 16 27 14 27 11 28 8 29 6 31 5 34 5 36 6 37 8 37 11 36 15 35 18 35
20 35 21 34 23 34 25 35 28 36 31 36 33 35 34 33 34 31 33 29 31 28 30 28 30 27 31 25 32 23 34 22 35 22 35 21 34 19 32 17 29 16 25 15 21 14 18 14 16 13 15 12 15 10 16 9 17 9 19 9 22 10 26 11 30 11 33 11 35 10 36 8 36 5 35 3 33 2 30 1 26 1 21 1 16 1 12 2 9 3 7 4 5 6 4 8 4 11 4 15 5 18 6 20 8 21 11 22 14 22 16 23 17 24 17 26 16 27 14 27 11 28 8 29 6 31 5 34 5 36 6 37 8 37 11 36 15 35 19 35
20 35 21 34 23 34 25 35 28 36 31 36 33 35 34 33 34 31 33 29 31 28 30 28 30 27 31 25 32 23 34 22 35 22 35 21 34 19 32 17 29 16 25 15 21 14 18 14 16 13 15 12 15 10 16 9 17 9 19 9 22 10 26 11 30 11 33 11 35 10 36 8 36 5 35 3 33 2 30 1 26 1 21 1 16 1 12 2 9 3 7 4 5 6 4 8 4 11 4 15 5 18 6 20 8 21 11 22 14 22 16 23 17 24 17 26 16 27 14 27 11 28 8 29 6 31 5 34 5 36 6 37 8 37 11 36 15 35 20 35
20 35 21 34 23 34 25 35 28 36 31 36 33 35 34 33 34 31 33 29 31 28 30 28 30 27 31 25 32 23 34 22 35 22 35 21 34 19 32 17 29 16 25 15 21 14 18 14 16 13 15 12 15 10 16 9 17 9 19 9 22 10 26 11 30 11 33 11 35 10 36 8 36 5 35 3 33 2 30 1 26 1 21 1 16 1 12 2 9 3 7 4 5 6 4 8 4 11 4 15 5 18 6 20 8 21 11 22 14 22 16 23 17 24 17 26 16 27 14 27 11 28 8 29 6 31 5 34 5 36 6 37 8 37 11 36 14 36 18 35
20 35 21 34 23 34 25 35 28 36 31 36 33 35 34 33 34 31 33 29 31 28 30 28 30 27 31 25 32 23 34 22 35 22 35 21 34 19 32 17 29 16 25 15 21 14 18 14 16 13 15 12 15 10 16 9 17 9 19 9 22 10 26 11 30 11 33 11 35 10 36 8 36 5 35 3 33 2 30 1 26 1 21 1 16 1 12 2 9 3 7 4 5 6 4 8 4 11 4 15 5 18 6 20 8 21 11 22 14 22 16 23 17 24 17 26 16 27 14 27 11 28 8 29 6 31 5 34 5 36 6 37 8 37 11 36 14 36 18 36
20 35 21 34 23 34 25 35 28 36 31 36 33 35 34 33 34 31 33 29 31 28 30 28 30 27 31 25 32 23 34 22 35 22 35 21 34 19 32 17 29 16 25 15 21 14 18 14 16 13 15 12 15 10 16 9 17 9 19 9 22 10 26 11 30 11 33 11 35 10 36 8 36 5 35 3 33 2 30 1 26 1 21 1 16 1 12 2 9 3 7 4 5 6 4 8 4 11 4 15 5 18 6 20 8 21 11 22 14 22 16 23 17 24 17 26 16 27 14 27 11 28 8 29 6 31 5 34 5 36 6 37 8 37 11 36 14 36 18 37
20 35 21 34 23 34 25 35 28 36 31 36 33 35 34 33 34 31 33 29 31 28 30 28 30 27 31 25 32 23 34 22 35 22 35 21 34 19 32 17 29 16 25 15 21 14 18 14 16 13 15 12 15 10 16 9 17 9 19 9 22 10 26 11 30 11 33 11 35 10 36 8 36 5 35 3 33 2 30 1 26 1 21 1 16 1 12 2 9 3 7 4 5 6 4 8 4 11 4 15 5 18 6 20 8 21 11 22 14 22 16 23 17 24 17 26 16 27 14 27 11 28 8 29 6 31 5 34 5 36 6 37 8 37 11 36 15 36 18 35
20 35 21 34 23 34 25 35 28 36 31 36 33 35 34 33 34 31 33 29 31 28 30 28 30 27 31 25 32 23 34 22 35 22 35 21 34 19 32 17 29 16 25 15 21 14 18 14 16 13 15 12 15 10 16 9 17 9 19 9 22 10 26 11 30 11 33 11 35 10 36 8 36 5 35 3 33 2 30 1 26 1 21 1 16 1 12 2 9 3 7 4 5 6 4 8 4 11 4 15 5 18 6 20 8 21 11 22 14 22 16 23 17 24 17 26 16 27 14 27 11 28 8 29 6 31 5 34 5 36 6 37 8 37 11 36 15 36 19 35
20 35 21 34 23 34 25 35 28 36 31 36 33 35 34 33 34 31 33 29 31 28 30 28 30 27 31 25 32 23 34 22 35 22 35 21 34 19 32 17 29 16 25 15 21 14 18 14 16 13 15 12 15 10 16 9 17 9 19 9 22 10 26 11 30 11 33 11 35 10 36 8 36 5 35 3 33 2 30 1 26 1 21 1 16 1 12 2 9 3 7 4 5 6 4 8 4 11 4 15 5 18 6 20 8 21 11 22 14 22 16 23 17 24 17 26 16 27 14 27 11 28 8 29 6 31 5 34 5 36 6 37 8 37 11 36 15 36 20 35
20 35 21 34 23 34 25 35 28 36 31 36 33 35 34 33 34 31 33 29 31 28 30 28 30 27 31 25 32 23 34 22 35 22 35 21 34 19 32 17 29 16 25 15 21 14 18 14 16 13 15 12 15 10 16 9 17 9 19 9 22 10 26 11 30 11 33 11 35 10 36 8 36 5 35 3 33 2 30 1 26 1 21 1 16 1 12 2 9 3 7 4 5 6 4 8 4 11 4 15 5 18 6 20 8 21 11 22 14 22 16 23 17 24 17 26 16 27 14 27 11 28 8 29 6 31 5 34 5 36 6 37 8 37 11 36 15 36 18 36
20 35 21 34 23 34 25 35 28 36 31 36 33 35 34 33 34 31 33 29 31 28 30 28 30 27 31 25 32 23 34 22 35 22 35 21 34 19 32 17 29 16 25 15 21 14 18 14 16 13 15 12 15 10 16 9 17 9 19 9 22 10 26 11 30 11 33 11 35 10 36 8 36 5 35 3 33 2 30 1 26 1 21 1 16 1 12 2 9 3 7 4 5 6 4 8 4 11 4 15 5 18 6 20 8 21 11 22 14 22 16 23 17 24 17 26 16 27 14 27 11 28 8 29 6 31 5 34 5 36 6 37 8 37 11 36 15 36 19 36
20 35 21 34 23 34 25 35 28 36 31 36 33 35 34 33 34 31 33 29 31 28 30 28 30 27 31 25 32 23 34 22 35 22 35 21 34 19 32 17 29 16 25 15 21 14 18 14 16 13 15 12 15 10 16 9 17 9 19 9 22 10 26 11 30 11 33 11 35 10 36 8 36 5 35 3 33 2 30 1 26 1 21 1 16 1 12 2 9 3 7 4 5 6 4 8 4 11 4 15 5 18 6 20 8 21 11 22 14 22 16 23 17 24 17 26 16 27 14 27 11 28 8 29 6 31 5 34 5 36 6 37 8 37 11 36 15 36 20 36
20 35 21 34 23 34 25 35 28 36 31 36 33 35 34 33 34 31 33 29 31 28 30 28 30 27 31 25 32 23 34 22 35 22 35 21 34 19 32 17 29 16 25 15 21 14 18 14 16 13 15 12 15 10 16 9 17 9 19 9 22 10 26 11 30 11 33 11 35 10 36 8 36 5 35 3 33 2 30 1 26 1 21 1 16 1 12 2 9 3 7 4 5 6 4 8 4 11 4 15 5 18 6 20 8 21 11 22 14 22 16 23 17 24 17 26 16 27 14 27 11 28 8 29 6 31 5 34 5 36 6 37 8 37 11 36 15 36 18 37
20 35 21 34 23 34 25 35 28 36 31 36 33 35 34 33 34 31 33 29 31 28 30 28 30 27 31 25 32 23 34 22 35 22 35 21 34 19 32 17 29 16 25 15 21 14 18 14 16 13 15 12 15 10 16 9 17 9 19 9 22 10 26 11 30 11 33 11 35 10 36 8 36 5 35 3 33 2 30 1 26 1 21 1 16 1 12 2 9 3 7 4 5 6 4 8 4 11 4 15 5 18 6 20 8 21 11 22 14 22 16 23 17 24 17 26 16 27 14 27 11 28 8 29 6 31 5 34 5 36 6 37 8 37 11 36 15 36 19 37
20 35 21 34 23 34 25 35 28 36 31 36 33 35 34 33 34 31 33 29 31 28 30 28 30 27 31 25 32 23 34 22 35 22 35 21 34 19 32 17 29 16 25 15 21 14 18 14 16 13 15 12 15 10 16 9 17 9 19 9 22 10 26 11 30 11 33 11 35 10 36 8 36 5 35 3 33 2 30 1 26 1 21 1 16 1 12 2 9 3 7 4 5 6 4 8 4 11 4 15 5 18 6 20 8 21 11 22 14 22 16 23 17 24 17 26 16 27 14 27 11 28 8 29 6 31 5 34 5 36 6 37 8 37 11 36 15 36 20 37
20 35 21 34 23 34 25 35 28 36 31 36 33 35 34 33 34 31 33 29 31 28 30 28 30 27 31 25 32 23 34 22 35 22 35 21 34 19 32 17 29 16 25 15 21 14 18 14 16 13 15 12 15 10 16 9 17 9 19 9 22 10 26 11 30 11 33 11 35 10 36 8 36 5 35 3 33 2 30 1 26 1 21 1 16 1 12 2 9 3 7 4 5 6 4 8 4 11 4 15 5 18 6 20 8 21 11 22 14 22 16 23 17 24 17 26 16 27 14 27 11 28 8 29 6 31 5 34 5 36 6 37 8 37 11 37 14 36 18 34
20 35 21 34 23 34 25 35 28 36 31 36 33 35 34 33 34 31 33 29 31 28 30 28 30 27 31 25 32 23 34 22 35 22 35 21 34 19 32 17 29 16 25 15 21 14 18 14 16 13 15 12 15 10 16 9 17 9 19 9 22 10 26 11 30 11 33 11 35 10 36 8 36 5 35 3 33 2 30 1 26 1 21 1 16 1 12 2 9 3 7 4 5 6 4 8 4 11 4 15 5 18 6 20 8 21 11 22 14 22 16 23 17 24 17 26 16 27 14 27 11 28 8 29 6 31 5 34 5 36 6 37 8 37 11 37 14 36 18 35
20 35 21 34 23 34 25 35 28 36 31 36 33 35 34 33 34 31 33 29 31 28 30 28 30 27 31 25 32 23 34 22 35 22 35 21 34 19 32 17 29 16 25 15 21 14 18 14 16 13 15 12 15 10 16 9 17 9 19 9 22 10 26 11 30 11 33 11 35 10 36 8 36 5 35 3 33 2 30 1 26 1 21 1 16 1 12 2 9 3 7 4 5 6 4 8 4 11 4 15 5 18 6 20 8 21 11 22 14 22 16 23 17 24 17 26 16 27 14 27 11 28 8 29 6 31 5 34 5 36 6 37 8 37 11 37 14 36 18 36
20 35 21 34 23 34 25 35 28 36 31 36 33 35 34 33 34 31 33 29 31 28 30 28 30 27 31 25 32 23 34 22 35 22 35 21 34 19 32 17 29 16 25 15 21 14 18 14 16 13 15 12 15 10 16 9 17 9 19 9 22 10 26 11 30 11 33 11 35 10 36 8 36 5 35 3 33 2 30 1 26 1 21 1 16 1 12 2 9 3 7 4 5 6 4 8 4 11 4 15 5 18 6 20 8 21 11 22 14 22 16 23 17 24 17 26 16 27 14 27 11 28 8 29 6 31 5 34 5 36 6 37 8 37 11 37 15 36 18 34
20 35 21 34 23 34 25 35 28 36 31 36 33 35 34 33 34 31 33 29 31 28 30 28 30 27 31 25 32 23 34 22 35 22 35 21 34 19 32 17 29 16 25 15 21 14 18 14 16 13 15 12 15 10 16 9 17 9 19 9 22 10 26 11 30 11 33 11 35 10 36 8 36 5 35 3 33 2 30 1 26 1 21 1 16 1 12 2 9 3 7 4 5 6 4 8 4 11 4 15 5 18 6 20 8 21 11 22 14 22 16 23 17 24 17 26 16 27 14 27 11 28 8 29 6 31 5 34 5 36 6 37 8 37 11 37 15 36 19 34
20 35 21 34 23 34 25 35 28 36 31 36 33 35 34 33 34 31 33 29 31 28 30 28 30 27 31 25 32 23 34 22 35 22 35 21 34 19 32 17 29 16 25 15 21 14 18 14 16 13 15 12 15 10 16 9 17 9 19 9 22 10 26 11 30 11 33 11 35 10 36 8 36 5 35 3 33 2 30 1 26 1 21 1 16 1 12 2 9 3 7 4 5 6 4 8 4 11 4 15 5 18 6 20 8 21 11 22 14 22 16 23 17 24 17 26 16 27 14 27 11 28 8 29 6 31 5 34 5 36 6 37 8 37 11 37 15 36 20 34
20 35 21 34 23 34 25 35 28 36 31 36 33 35 34 33 34 31 33 29 31 28 30 28 30 27 31 25 32 23 34 22 35 22 35 21 34 19 32 17 29 16 25 15 21 14 18 14 16 13 15 12 15 10 16 9 17 9 19 9 22 10 26 11 30 11 33 11 35 10 36 8 36 5 35 3 33 2 30 1 26 1 21 1 16 1 12 2 9 3 7 4 5 6 4 8 4 11 4 15 5 18 6 20 8 21 11 22 14 22 16 23 17 24 17 26 16 27 14 27 11 28 8 29 6 31 5 34 5 36 6 37 8 37 11 37 15 36 18 35
20 35 21 34 23 34 25 35 28 36 31 36 33 35 34 33 34 31 33 29 31 28 30 28 30 27 31 25 32 23 34 22 35 22 35 21 34 19 32 17 29 16 25 15 21 14 18 14 16 13 15 12 15 10 16 9 17 9 19 9 22 10 26 11 30 11 33 11 35 10 36 8 36 5 35 3 33 2 30 1 26 1 21 1 16 1 12 2 9 3 7 4 5 6 4 8 4 11 4 15 5 18 6 20 8 21 11 22 14 22 16 23 17 24 17 26 16 27 14 27 11 28 8 29 6 31 5 34 5 36 6 37 8 37 11 37 15 36 19 35
20 35 21 34 23 34 25 35 28 36 31 36 33 35 34 33 34 31 33 29 31 28 30 28 30 27 31 25 32 23 34 22 35 22 35 21 34 19 32 17 29 16 25 15 21 14 18 14 16 13 15 12 15 10 16 9 17 9 19 9 22 10 26 11 30 11 33 11 35 10 36 8 36 5 35 3 33 2 30 1 26 1 21 1 16 1 12 2 9 3 7 4 5 6 4 8 4 11 4 15 5 18 6 20 8 21 11 22 14 22 16 23 17 24 17 26 16 27 14 27 11 28 8 29 6 31 5 34 5 36 6 37 8 37 11 37 15 36 20 35
20 35 21 34 23 34 25 35 28 36 31 36 33 35 34 33 34 31 33 29 31 28 30 28 30 27 31 25 32 23 34 22 35 22 35 21 34 19 32 17 29 16 25 15 21 14 18 14 16 13 15 12 15 10 16 9 17 9 19 9 22 10 26 11 30 11 33 11 35 10 36 8 36 5 35 3 33 2 30 1 26 1 21 1 16 1 12 2 9 3 7 4 5 6 4 8 4 11 4 15 5 18 6 20 8 21 11 22 14 22 16 23 17 24 17 26 16 27 14 27 11 28 8 29 6 31 5 34 5 36 6 37 8 37 11 37 15 36 18 36
20 35 21 34 23 34 25 35 28 36 31 36 33 35 34 33 34 31 33 29 31 28 30 28 30 27 31 25 32 23 34 22 35 22 35 21 34 19 32 17 29 16 25 15 21 14 18 14 16 13 15 12 15 10 16 9 17 9 19 9 22 10 26 11 30 11 33 11 35 10 36 8 36 5 35 3 33 2 30 1 26 1 21 1 16 1 12 2 9 3 7 4 5 6 4 8 4 11 4 15 5 18 6 20 8 21 11 22 14 22 16 23 17 24 17 26 16 27 14 27 11 28 8 29 6 31 5 34 5 36 6 37 8 37 11 37 15 36 19 36
20 35 21 34 23 34 25 35 28 36 31 36 33 35 34 33 34 31 33 29 31 28 30 28 30 27 31 25 32 23 34 22 35 22 35 21 34 19 32 17 29 16 25 15 21 14 18 14 16 13 15 12 15 10 16 9 17 9 19 9 22 10 26 11 30 11 33 11 35 10 36 8 36 5 35 3 33 2 30 1 26 1 21 1 16 1 12 2 9 3 7 4 5 6 4 8 4 11 4 15 5 18 6 20 8 21 11 22 14 22 16 23 17 24 17 26 16 27 14 27 11 28 8 29 6 31 5 34 5 36 6 37 8 37 11 37 15 36 20 36
20 35 21 34 23 34 25 35 28 36 31 36 33 35 34 33 34 31 33 29 31 28 30 28 30 27 31 25 32 23 34 22 35 22 35 21 34 19 32 17 29 16 25 15 21 14 18 14 16 13 15 12 15 10 16 9 17 9 19 9 22 10 26 11 30 11 33 11 35 10 36 8 36 5 35 3 33 2 30 1 26 1 21 1 16 1 12 2 9 3 7 4 5 6 4 8 4 11 4 15 5 18 6 20 8 21 11 22 14 22 16 23 17 24 17 26 16 27 14 27 11 28 8 29 6 31 5 34 5 36 6 37 8 37 11 37 14 37 18 36
20 35 21 34 23 34 25 35 28 36 31 36 33 35 34 33 34 31 33 29 31 28 30 28 30 27 31 25 32 23 34 22 35 22 35 21 34 19 32 17 29 16 25 15 21 14 18 14 16 13 15 12 15 10 16 9 17 9 19 9 22 10 26 11 30 11 33 11 35 10 36 8 36 5 35 3 33 2 30 1 26 1 21 1 16 1 12 2 9 3 7 4 5 6 4 8 4 11 4 15 5 18 6 20 8 21 11 22 14 22 16 23 17 24 17 26 16 27 14 27 11 28 8 29 6 31 5 34 5 36 6 37 8 37 11 37 14 37 18 37
20 35 21 34 23 34 25 35 28 36 31 36 33 35 34 33 34 31 33 29 31 28 30 28 30 27 31 25 32 23 34 22 35 22 35 21 34 19 32 17 29 16 25 15 21 14 18 14 16 13 15 12 15 10 16 9 17 9 19 9 22 10 26 11 30 11 33 11 35 10 36 8 36 5 35 3 33 2 30 1 26 1 21 1 16 1 12 2 9 3 7 4 5 6 4 8 4 11 4 15 5 18 6 20 8 21 11 22 14 22 16 23 17 24 17 26 16 27 14 27 11 28 8 29 6 31 5 34 5 36 6 37 8 37 11 37 15 37 18 36
20 35 21 34 23 34 25 35 28 36 31 36 33 35 34 33 34 31 33 29 31 28 30 28 30 27 31 25 32 23 34 22 35 22 35 21 34 19 32 17 29 16 25 15 21 14 18 14 16 13 15 12 15 10 16 9 17 9 19 9 22 10 26 11 30 11 33 11 35 10 36 8 36 5 35 3 33 2 30 1 26 1 21 1 16 1 12 2 9 3 7 4 5 6 4 8 4 11 4 15 5 18 6 20 8 21 11 22 14 22 16 23 17 24 17 26 16 27 14 27 11 28 8 29 6 31 5 34 5 36 6 37 8 37 11 37 15 37 19 36
20 35 21 34 23 34 25 35 28 36 31 36 33 35 34 33 34 31 33 29 31 28 30 28 30 27 31 25 32 23 34 22 35 22 35 21 34 19 32 17 29 16 25 15 21 14 18 14 16 13 15 12 15 10 16 9 17 9 19 9 22 10 26 11 30 11 33 11 35 10 36 8 36 5 35 3 33 2 30 1 26 1 21 1 16 1 12 2 9 3 7 4 5 6 4 8 4 11 4 15 5 18 6 20 8 21 11 22 14 22 16 23 17 24 17 26 16 27 14 27 11 28 8 29 6 31 5 34 5 36 6 37 8 37 11 37 15 37 20 36
20 35 21 34 23 34 25 35 28 36 31 36 33 35 34 33 34 31 33 29 31 28 30 28 30 27 31 25 32 23 34 22 35 22 35 21 34 19 32 17 29 16 25 15 21 14 18 14 16 13 15 12 15 10 16 9 17 9 19 9 22 10 26 11 30 11 33 11 35 10 36 8 36 5 35 3 33 2 30 1 26 1 21 1 16 1 12 2 9 3 7 4 5 6 4 8 4 11 4 15 5 18 6 20 8 21 11 22 14 22 16 23 17 24 17 26 16 27 14 27 11 28 8 29 6 31 5 34 5 36 6 37 8 37 11 37 15 37 18 37
20 35 21 34 23 34 25 35 28 36 31 36 33 35 34 33 34 31 33 29 31 28 30 28 30 27 31 25 32 23 34 22 35 22 35 21 34 19 32 17 29 16 25 15 21 14 18 14 16 13 15 12 15 10 16 9 17 9 19 9 22 10 26 11 30 11 33 11 35 10 36 8 36 5 35 3 33 2 30 1 26 1 21 1 16 1 12 2 9 3 7 4 5 6 4 8 4 11 4 15 5 18 6 20 8 21 11 22 14 22 16 23 17 24 17 26 16 27 14 27 11 28 8 29 6 31 5 34 5 36 6 37 8 37 11 37 15 37 19 37
20 35 21 34 23 34 25 35 28 36 31 36 33 35 34 33 34 31 33 29 31 28 30 28 30 27 31 25 32 23 34 22 35 22 35 21 34 19 32 17 29 16 25 15 21 14 18 14 16 13 15 12 15 10 16 9 17 9 19 9 22 10 26 11 30 11 33 11 35 10 36 8 36 5 35 3 33 2 30 1 26 1 21 1 16 1 12 2 9 3 7 4 5 6 4 8 4 11 4 15 5 18 6 20 8 21 11 22 14 22 16 23 17 24 17 26 16 27 14 27 11 28 8 29 6 31 5 34 5 36 6 37 8 37 11 37 15 37 20 37
20 35 21 34 23 34 25 35 28 36 31 36 33 35 34 33 34 31 33 29 31 28 30 28 30 27 31 25 32 23 34 22 35 22 35 21 34 19 32 17 29 16 25 15 21 14 18 14 16 13 15 12 15 10 16 9 17 9 19 9 22 10 26 11 30 11 33 11 35 10 36 8 36 5 35 3 33 2 30 1 26 1 21 1 16 1 12 2 9 3 7 4 5 6 4 8 4 11 4 15 5 18 6 20 8 21 11 22 14 22 16 23 17 24 17 26 16 27 14 27 11 28 8 30 6 33 5 35 5 36 6 36 8 36 11 35 14 34 18 33
20 35 21 34 23 34 25 35 28 36 31 36 33 35 34 33 34 31 33 29 31 28 30 28 30 27 31 25 32 23 34 22 35 22 35 21 34 19 32 17 29 16 25 15 21 14 18 14 16 13 15 12 15 10 16 9 17 9 19 9 22 10 26 11 30 11 33 11 35 10 36 8 36 5 35 3 33 2 30 1 26 1 21 1 16 1 12 2 9 3 7 4 5 6 4 8 4 11 4 15 5 18 6 20 8 21 11 22 14 22 16 23 17 24 17 26 16 27 14 27 11 28 8 30 6 33 5 35 5 36 6 36 8 36 11 35 14 34 18 34
20 35 21 34 23 34 25 35 28 36 31 36 33 35 34 33 34 31 33 29 31 28 30 28 30 27 31 25 32 23 34 22 35 22 35 21 34 19 32 17 29 16 25 15 21 14 18 14 16 13 15 12 15 10 16 9 17 9 19 9 22 10 26 11 30 11 33 11 35 10 36 8 36 5 35 3 33 2 30 1 26 1 21 1 16 1 12 2 9 3 7 4 5 6 4 8 4 11 4 15 5 18 6 20 8 21 11 22 14 22 16 23 17 24 17 26 16 27 14 27 11 28 8 30 6 33 5 35 5 36 6 36 8 36 11 35 15 34 18 33
20 35 21 34 23 34 25 35 28 36 31 36 33 35 34 33 34 31 33 29 31 28 30 28 30 27 31 25 32 23 34 22 35 22 35 21 34 19 32 17 29 16 25 15 21 14 18 14 16 13 15 12 15 10 16 9 17 9 19 9 22 10 26 11 30 11 33 11 35 10 36 8 36 5 35 3 33 2 30 1 26 1 21 1 16 1 12 2 9 3 7 4 5 6 4 8 4 11 4 15 5 18 6 20 8 21 11 22 14 22 16 23 17 24 17 26 16 27 14 27 11 28 8 30 6 33 5 35 5 36 6 36 8 36 11 35 15 34 19 33
20 35 21 34 23 34 25 35 28 36 31 36 33 35 34 33 34 31 33 29 31 28 30 28 30 27 31 25 32 23 34 22 35 22 35 21 34 19 32 17 29 16 25 15 21 14 18 14 16 13 15 12 15 10 16 9 17 9 19 9 22 10 26 11 30 11 33 11 35 10 36 8 36 5 35 3 33 2 30 1 26 1 21 1 16 1 12 2 9 3 7 4 5 6 4 8 4 11 4 15 5 18 6 20 8 21 11 22 14 22 16 23 17 24 17 26 16 27 14 27 11 28 8 30 6 33 5 35 5 36 6 36 8 36 11 35 15 34 20 33
20 35 21 34 23 34 25 35 28 36 31 36 33 35 34 33 34 31 33 29 31 28 30 28 30 27 31 25 32 23 34 22 35 22 35 21 34 19 32 17 29 16 25 15 21 14 18 14 16 13 15 12 15 10 16 9 17 9 19 9 22 10 26 11 30 11 33 11 35 10 36 8 36 5 35 3 33 2 30 1 26 1 21 1 16 1 12 2 9 3 7 4 5 6 4 8 4 11 4 15 5 18 6 20 8 21 11 22 14 22 16 23 17 24 17 26 16 27 14 27 11 28 8 30 6 33 5 35 5 36 6 36 8 36 11 35 15 34 18 34
20 35 21 34 23 34 25 35 28 36 31 36 33 35 34 33 34 31 33 29 31 28 30 28 30 27 31 25 32 23 34 22 35 22 35 21 34 19 32 17 29 16 25 15 21 14 18 14 16 13 15 12 15 10 16 9 17 9 19 9 22 10 26 11 30 11 33 11 35 10 36 8 36 5 35 3 33 2 30 1 26 1 21 1 16 1 12 2 9 3 7 4 5 6 4 8 4 11 4 15 5 18 6 20 8 21 11 22 14 22 16 23 17 24 17 26 16 27 14 27 11 28 8 30 6 33 5 35 5 36 6 36 8 36 11 35 15 34 19 34
20 35 21 34 23 34 25 35 28 36 31 36 33 35 34 33 34 31 33 29 31 28 30 28 30 27 31 25 32 23 34 22 35 22 35 21 34 19 32 17 29 16 25 15 21 14 18 14 16 13 15 12 15 10 16 9 17 9 19 9 22 10 26 11 30 11 33 11 35 10 36 8 36 5 35 3 33 2 30 1 26 1 21 1 16 1 12 2 9 3 7 4 5 6 4 8 4 11 4 15 5 18 6 20 8 21 11 22 14 22 16 23 17 24 17 26 16 27 14 27 11 28 8 30 6 33 5 35 5 36 6 36 8 36 11 35 15 34 20 34
20 35 21 34 23 34 25 35 28 36 31 36 33 35 34 33 34 31 33 29 31 28 30 28 30 27 31 25 32 23 34 22 35 22 35 21 34 19 32 17 29 16 25 15 21 14 18 14 16 13 15 12 15 10 16 9 17 9 19 9 22 10 26 11 30 11 33 11 35 10 36 8 36 5 35 3 33 2 30 1 26 1 21 1 16 1 12 2 9 3 7 4 5 6 4 8 4 11 4 15 5 18 6 20 8 21 11 22 14 22 16 23 17 24 17 26 16 27 14 27 11 28 8 30 6 33 5 35 5 36 6 36 8 36 11 35 14 35 18 34
20 35 21 34 23 34 25 35 28 36 31 36 33 35 34 33 34 31 33 29 31 28 30 28 30 27 31 25 32 23 34 22 35 22 35 21 34 19 32 17 29 16 25 15 21 14 18 14 16 13 15 12 15 10 16 9 17 9 19 9 22 10 26 11 30 11 33 11 35 10 36 8 36 5 35 3 33 2 30 1 26 1 21 1 16 1 12 2 9 3 7 4 5 6 4 8 4 11 4 15 5 18 6 20 8 21 11 22 14 22 16 23 17 24 17 26 16 27 14 27 11 28 8 30 6 33 5 35 5 36 6 36 8 36 11 35 14 35 18 35
20 35 21 34 23 34 25 35 28 36 31 36 33 35 34 33 34 31 33 29 31 28 30 28 30 27 31 25 32 23 34 22 35 22 35 21 34 19 32 17 29 16 25 15 21 14 18 14 16 13 15 12 15 10 16 9 17 9 19 9 22 10 26 11 30 11 33 11 35 10 36 8 36 5 35 3 33 2 30 1 26 1 21 1 16 1 12 2 9 3 7 4 5 6 4 8 4 11 4 15 5 18 6 20 8 21 11 22 14 22 16 23 17 24 17 26 16 27 14 27 11 28 8 30 6 33 5 35 5 36 6 36 8 36 11 35 14 35 18 36
20 35 21 34 23 34 25 35 28 36 31 36 33 35 34 33 34 31 33 29 31 28 30 28 30 27 31 25 32 23 34 22 35 22 35 21 34 19 32 17 29 16 25 15 21 14 18 14 16 13 15 12 15 10 16 9 17 9 19 9 22 10 26 11 30 11 33 11 35 10 36 8 36 5 35 3 33 2 30 1 26 1 21 1 16 1 12 2 9 3 7 4 5 6 4 8 4 11 4 15 5 18 6 20 8 21 11 22 14 22 16 23 17 24 17 26 16 27 14 27 11 28 8 30 6 33 5 35 5 36 6 36 8 36 11 35 15 35 18 34
20 35 21 34 23 34 25 35 28 36 31 36 33 35 34 33 34 31 33 29 31 28 30 28 30 27 31 25 32 23 34 22 35 22 35 21 34 19 32 17 29 16 25 15 21 14 18 14 16 13 15 12 15 10 16 9 17 9 19 9 22 10 26 11 30 11 33 11 35 10 36 8 36 5 35 3 33 2 30 1 26 1 21 1 16 1 12 2 9 3 7 4 5 6 4 8 4 11 4 15 5 18 6 20 8 21 11 22 14 22 16 23 17 24 17 26 16 27 14 27 11 28 8 30 6 33 5 35 5 36 6 36 8 36 11 35 15 35 19 34
20 35 21 34 23 34 25 35 28 36 31 36 33 35 34 33 34 31 33 29 31 28 30 28 30 27 31 25 32 23 34 22 35 22 35 21 34 19 32 17 29 16 25 15 21 14 18 14 16 13 15 12 15 10 16 9 17 9 19 9 22 10 26 11 30 11 33 11 35 10 36 8 36 5 35 3 33 2 30 1 26 1 21 1 16 1 12 2 9 3 7 4 5 6 4 8 4 11 4 15 5 18 6 20 8 21 11 22 14 22 16 23 17 24 17 26 16 27 14 27 11 28 8 30 6 33 5 35 5 36 6 36 8 36 11 35 15 35 20 34
20 35 21 34 23 34 25 35 28 36 31 36 33 35 34 33 34 31 33 29 31 28 30 28 30 27 31 25 32 23 34 22 35 22 35 21 34 19 32 17 29 16 25 15 21 14 18 14 16 13 15 12 15 10 16 9 17 9 19 9 22 10 26 11 30 11 33 11 35 10 36 8 36 5 35 3 33 2 30 1 26 1 21 1 16 1 12 2 9 3 7 4 5 6 4 8 4 11 4 15 5 18 6 20 8 21 11 22 14 22 16 23 17 24 17 26 16 27 14 27 11 28 8 30 6 33 5 35 5 36 6 36 8 36 11 35 15 35 18 35
20 35 21 34 23 34 25 35 28 36 31 36 33 35 34 33 34 31 33 29 31 28 30 28 30 27 31 25 32 23 34 22 35 22 35 21 34 19 32 17 29 16 25 15 21 14 18 14 16 13 15 12 15 10 16 9 17 9 19 9 22 10 26 11 30 11 33 11 35 10 36 8 36 5 35 3 33 2 30 1 26 1 21 1 16 1 12 2 9 3 7 4 5 6 4 8 4 11 4 15 5 18 6 20 8 21 11 22 14 22 16 23 17 24 17 26 16 27 14 27 11 28 8 30 6 33 5 35 5 36 6 36 8 36 11 35 15 35 19 35
20 35 21 34 23 34 25 35 28 36 31 36 33 35 34 33 34 31 33 29 31 28 30 28 30 27 31 25 32 23 34 22 35 22 35 21 34 19 32 17 29 16 25 15 21 14 18 14 16 13 15 12 15 10 16 9 17 9 19 9 22 10 26 11 30 11 33 11 35 10 36 8 36 5 35 3 33 2 30 1 26 1 21 1 16 1 12 2 9 3 7 4 5 6 4 8 4 11 4 15 5 18 6 20 8 21 11 22 14 22 16 23 17 24 17 26 16 27 14 27 11 28 8 30 6 33 5 35 5 36 6 36 8 36 11 35 15 35 20 35
20 35 21 34 23 34 25 35 28 36 31 36 33 35 34 33 34 31 33 29 31 28 30 28 30 27 31 25 32 23 34 22 35 22 35 21 34 19 32 17 29 16 25 15 21 14 18 14 16 13 15 12 15 10 16 9 17 9 19 9 22 10 26 11 30 11 33 11 35 10 36 8 36 5 35 3 33 2 30 1 26 1 21 1 16 1 12 2 9 3 7 4 5 6 4 8 4 11 4 15 5 18 6 20 8 21 11 22 14 22 16 23 17 24 17 26 16 27 14 27 11 28 8 30 6 33 5 35 5 36 6 36 8 36 11 35 15 35 18 36
20 35 21 34 23 34 25 35 28 36 31 36 33 35 34 33 34 31 33 29 31 28 30 28 30 27 31 25 32 23 34 22 35 22 35 21 34 19 32 17 29 16 25 15 21 14 18 14 16 13 15 12 15 10 16 9 17 9 19 9 22 10 26 11 30 11 33 11 35 10 36 8 36 5 35 3 33 2 30 1 26 1 21 1 16 1 12 2 9 3 7 4 5 6 4 8 4 11 4 15 5 18 6 20 8 21 11 22 14 22 16 23 17 24 17 26 16 27 14 27 11 28 8 30 6 33 5 35 5 36 6 36 8 36 11 35 15 35 19 36
20 35 21 34 23 34 25 35 28 36 31 36 33 35 34 33 34 31 33 29 31 28 30 28 30 27 31 25 32 23 34 22 35 22 35 21 34 19 32 17 29 16 25 15 21 14 18 14 16 13 15 12 15 10 16 9 17 9 19 9 22 10 26 11 30 11 33 11 35 10 36 8 36 5 35 3 33 2 30 1 26 1 21 1 16 1 12 2 9 3 7 4 5 6 4 8 4 11 4 15 5 18 6 20 8 21 11 22 14 22 16 23 17 24 17 26 16 27 14 27 11 28 8 30 6 33 5 35 5 36 6 36 8 36 11 35 15 35 20 36
20 35 21 34 23 34 25 35 28 36 31 36 33 35 34 33 34 31 33 29 31 28 30 28 30 27 31 25 32 23 34 22 35 22 35 21 34 19 32 17 29 16 25 15 21 14 18 14 16 13 15 12 15 10 16 9 17 9 19 9 22 10 26 11 30 11 33 11 35 10 36 8 36 5 35 3 33 2 30 1 26 1 21 1 16 1 12 2 9 3 7 4 5 6 4 8 4 11 4 15 5 18 6 20 8 21 11 22 14 22 16 23 17 24 17 26 16 27 14 27 11 28 8 30 6 33 5 35 5 36 6 36 8 36 11 36 14 37 18 37
20 35 21 34 23 34 25 35 28 36 31 36 33 35 34 33 34 31 33 29 31 28 30 28 30 27 31 25 32 23 34 22 35 22 35 21 34 19 32 17 29 16 25 15 21 14 18 14 16 13 15 12 15 10 16 9 17 9 19 9 22 10 26 11 30 11 33 11 35 10 36 8 36 5 35 3 33 2 30 1 26 1 21 1 16 1 12 2 9 3 7 4 5 6 4 8 4 11 4 15 5 18 6 20 8 21 11 22 14 22 16 23 17 24 17 26 16 27 14 27 11 28 8 30 6 33 5 35 5 36 6 36 8 36 11 36 15 37 18 37
20 35 21 34 23 34 25 35 28 36 31 36 33 35 34 33 34 31 33 29 31 28 30 28 30 27 31 25 32 23 34 22 35 22 35 21 34 19 32 17 29 16 25 15 21 14 18 14 16 13 15 12 15 10 16 9 17 9 19 9 22 10 26 11 30 11 33 11 35 10 36 8 36 5 35 3 33 2 30 1 26 1 21 1 16 1 12 2 9 3 7 4 5 6 4 8 4 11 4 15 5 18 6 20 8 21 11 22 14 22 16 23 17 24 17 26 16 27 14 27 11 28 8 30 6 33 5 35 5 36 6 36 8 36 11 36 15 37 19 37
20 35 21 34 23 34 25 35 28 36 31 36 33 35 34 33 34 31 33 29 31 28 30 28 30 27 31 25 32 23 34 22 35 22 35 21 34 19 32 17 29 16 25 15 21 14 18 14 16 13 15 12 15 10 16 9 17 9 19 9 22 10 26 11 30 11 33 11 35 10 36 8 36 5 35 3 33 2 30 1 26 1 21 1 16 1 12 2 9 3 7 4 5 6 4 8 4 11 4 15 5 18 6 20 8 21 11 22 14 22 16 23 17 24 17 26 16 27 14 27 11 28 8 30 6 33 5 35 5 36 6 36 8 36 11 36 15 37 20 37
20 35 21 34 23 34 25 35 28 36 31 36 33 35 34 33 34 31 33 29 31 28 30 28 30 27 31 25 32 23 34 22 35 22 35 21 34 19 32 17 29 16 25 15 21 14 18 14 16 13 15 12 15 10 16 9 17 9 19 9 22 10 26 11 30 11 33 11 35 10 36 8 36 5 35 3 33 2 30 1 26 1 21 1 16 1 12 2 9 3 7 4 5 6 4 8 4 11 4 15 5 18 6 20 8 21 11 22 14 22 16 23 17 24 17 26 16 27 14 27 11 27 8 28 6 28 5 29 4 31 4 34 5 36 7 37 10 37 14 36 18 34
20 35 21 34 23 34 25 35 28 36 31 36 33 35 34 33 34 31 33 29 31 28 30 28 30 27 31 25 32 23 34 22 35 22 35 21 34 19 32 17 29 16 25 15 21 14 18 14 16 13 15 12 15 10 16 9 17 9 19 9 22 10 26 11 30 11 33 11 35 10 36 8 36 5 35 3 33 2 30 1 26 1 21 1 16 1 12 2 9 3 7 4 5 6 4 8 4 11 4 15 5 18 6 20 8 21 11 22 14 22 16 23 17 24 17 26 16 27 14 27 11 27 8 28 6 28 5 29 4 31 4 34 5 36 7 37 10 37 14 36 19 34
20 35 21 34 23 34 25 35 28 36 31 36 33 35 34 33 34 31 33 29 31 28 30 28 30 27 31 25 32 23 34 22 35 22 35 21 34 19 32 17 29 16 25 15 21 14 18 14 16 13 15 12 15 10 16 9 17 9 19 9 22 10 26 11 30 11 33 11 35 10 36 8 36 5 35 3 33 2 30 1 26 1 21 1 16 1 12 2 9 3 7 4 5 6 4 8 4 11 4 15 5 18 6 20 8 21 11 22 14 22 16 23 17 24 17 26 16 27 14 27 11 27 8 28 6 28 5 29 4 31 4 34 5 36 7 37 10 37 14 36 18 35
20 35 21 34 23 34 25 35 28 36 31 36 33 35 34 33 34 31 33 29 31 28 30 28 30 27 31 25 32 23 34 22 35 22 35 21 34 19 32 17 29 16 25 15 21 14 18 14 16 13 15 12 15 10 16 9 17 9 19 9 22 10 26 11 30 11 33 11 35 10 36 8 36 5 35 3 33 2 30 1 26 1 21 1 16 1 12 2 9 3 7 4 5 6 4 8 4 11 4 15 5 18 6 20 8 21 11 22 14 22 16 23 17 24 17 26 16 27 14 27 11 27 8 28 6 28 5 29 4 31 4 34 5 36 7 37 10 37 14 36 19 35
20 35 21 34 23 34 25 35 28 36 31 36 33 35 34 33 34 31 33 29 31 28 30 28 30 27 31 25 32 23 34 22 35 22 35 21 34 19 32 17 29 16 25 15 21 14 18 14 16 13 15 12 15 10 16 9 17 9 19 9 22 10 26 11 30 11 33 11 35 10 36 8 36 5 35 3 33 2 30 1 26 1 21 1 16 1 12 2 9 3 7 4 5 6 4 8 4 11 4 15 5 18 6 20 8 21 11 22 14 22 16 23 17 24 17 26 16 27 14 27 11 27 8 28 6 28 5 29 4 31 4 34 5 36 7 37 10 37 14 36 18 36
20 35 21 34 23 34 25 35 28 36 31 36 33 35 34 33 34 31 33 29 31 28 30 28 30 27 31 25 32 23 34 22 35 22 35 21 34 19 32 17 29 16 25 15 21 14 18 14 16 13 15 12 15 10 16 9 17 9 19 9 22 10 26 11 30 11 33 11 35 10 36 8 36 5 35 3 33 2 30 1 26 1 21 1 16 1 12 2 9 3 7 4 5 6 4 8 4 11 4 15 5 18 6 20 8 21 11 22 14 22 16 23 17 24 17 26 16 27 14 27 11 27 8 28 6 28 5 29 4 31 4 34 5 36 7 37 10 37 14 36 19 36
20 35 21 34 23 34 25 35 28 36 31 36 33 35 34 33 34 31 33 29 31 28 30 28 30 27 31 25 32 23 34 22 35 22 35 21 34 19 32 17 29 16 25 15 21 14 18 14 16 13 15 12 15 10 16 9 17 9 19 9 22 10 26 11 30 11 33 11 35 10 36 8 36 5 35 3 33 2 30 1 26 1 21 1 16 1 12 2 9 3 7 4 5 6 4 8 4 11 4 15 5 18 6 20 8 21 11 22 14 22 16 23 17 24 17 26 16 27 14 27 11 27 8 28 6 28 5 29 4 31 4 34 5 36 7 37 10 37 14 37 18 36
20 35 21 34 23 34 25 35 28 36 31 36 33 35 34 33 34 31 33 29 31 28 30 28 30 27 31 25 32 23 34 22 35 22 35 21 34 19 32 17 29 16 25 15 21 14 18 14 16 13 15 12 15 10 16 9 17 9 19 9 22 10 26 11 30 11 33 11 35 10 36 8 36 5 35 3 33 2 30 1 26 1 21 1 16 1 12 2 9 3 7 4 5 6 4 8 4 11 4 15 5 18 6 20 8 21 11 22 14 22 16 23 17 24 17 26 16 27 14 27 11 27 8 28 6 28 5 29 4 31 4 34 5 36 7 37 10 37 14 37 19 36
20 35 21 34 23 34 25 35 28 36 31 36 33 35 34 33 34 31 33 29 31 28 30 28 30 27 31 25 32 23 34 22 35 22 35 21 34 19 32 17 29 16 25 15 21 14 18 14 16 13 15 12 15 10 16 9 17 9 19 9 22 10 26 11 30 11 33 11 35 10 36 8 36 5 35 3 33 2 30 1 26 1 21 1 16 1 12 2 9 3 7 4 5 6 4 8 4 11 4 15 5 18 6 20 8 21 11 22 14 22 16 23 17 24 17 26 16 27 14 27 11 27 8 28 6 28 5 29 4 31 4 34 5 36 7 37 10 37 14 37 18 37
20 35 21 34 23 34 25 35 28 36 31 36 33 35 34 33 34 31 33 29 31 28 30 28 30 27 31 25 32 23 34 22 35 22 35 21 34 19 32 17 29 16 25 15 21 14 18 14 16 13 15 12 15 10 16 9 17 9 19 9 22 10 26 11 30 11 33 11 35 10 36 8 36 5 35 3 33 2 30 1 26 1 21 1 16 1 12 2 9 3 7 4 5 6 4 8 4 11 4 15 5 18 6 20 8 21 11 22 14 22 16 23 17 24 17 26 16 27 14 27 11 27 8 28 6 28 5 29 4 31 4 34 5 36 7 37 10 37 14 37 19 37
20 35 21 34 23 34 25 35 28 36 31 36 33 35 34 33 34 31 33 29 31 28 30 28 30 27 31 25 32 23 34 22 35 22 35 21 34 19 32 17 29 16 25 15 21 14 18 14 16 13 15 12 15 10 16 9 17 9 19 9 22 10 26 11 30 11 33 11 35 10 36 8 36 5 35 3 33 2 30 1 26 1 21 1 16 1 12 2 9 3 7 4 5 6 4 8 4 11 4 15 5 18 6 20 8 21 11 22 14 22 16 23 17 24 17 26 16 27 14 27 11 27 8 28 6 29 5 31 4 33 4 35 5 36 7 36 10 35 14 34 18 33
20 35 21 34 23 34 25 35 28 36 31 36 33 35 34 33 34 31 33 29 31 28 30 28 30 27 31 25 32 23 34 22 35 22 35 21 34 19 32 17 29 16 25 15 21 14 18 14 16 13 15 12 15 10 16 9 17 9 19 9 22 10 26 11 30 11 33 11 35 10 36 8 36 5 35 3 33 2 30 1 26 1 21 1 16 1 12 2 9 3 7 4 5 6 4 8 4 11 4 15 5 18 6 20 8 21 11 22 14 22 16 23 17 24 17 26 16 27 14 27 11 27 8 28 6 29 5 31 4 33 4 35 5 36 7 36 10 35 14 34 19 33
20 35 21 34 23 34 25 35 28 36 31 36 33 35 34 33 34 31 33 29 31 28 30 28 30 27 31 25 32 23 34 22 35 22 35 21 34 19 32 17 29 16 25 15 21 14 18 14 16 13 15 12 15 10 16 9 17 9 19 9 22 10 26 11 30 11 33 11 35 10 36 8 36 5 35 3 33 2 30 1 26 1 21 1 16 1 12 2 9 3 7 4 5 6 4 8 4 11 4 15 5 18 6 20 8 21 11 22 14 22 16 23 17 24 17 26 16 27 14 27 11 27 8 28 6 29 5 31 4 33 4 35 5 36 7 36 10 35 14 34 18 34
20 35 21 34 23 34 25 35 28 36 31 36 33 35 34 33 34 31 33 29 31 28 30 28 30 27 31 25 32 23 34 22 35 22 35 21 34 19 32 17 29 16 25 15 21 14 18 14 16 13 15 12 15 10 16 9 17 9 19 9 22 10 26 11 30 11 33 11 35 10 36 8 36 5 35 3 33 2 30 1 26 1 21 1 16 1 12 2 9 3 7 4 5 6 4 8 4 11 4 15 5 18 6 20 8 21 11 22 14 22 16 23 17 24 17 26 16 27 14 27 11 27 8 28 6 29 5 31 4 33 4 35 5 36 7 36 10 35 14 34 19 34
20 35 21 34 23 34 25 35 28 36 31 36 33 35 34 33 34 31 33 29 31 28 30 28 30 27 31 25 32 23 34 22 35 22 35 21 34 19 32 17 29 16 25 15 21 14 18 14 16 13 15 12 15 10 16 9 17 9 19 9 22 10 26 11 30 11 33 11 35 10 36 8 36 5 35 3 33 2 30 1 26 1 21 1 16 1 12 2 9 3 7 4 5 6 4 8 4 11 4 15 5 18 6 20 8 21 11 22 14 22 16 23 17 24 17 26 16 27 14 27 11 27 8 28 6 29 5 31 4 33 4 35 5 36 7 36 10 35 14 35 18 34
20 35 21 34 23 34 25 35 28 36 31 36 33 35 34 33 34 31 33 29 31 28 30 28 30 27 31 25 32 23 34 22 35 22 35 21 34 19 32 17 29 16 25 15 21 14 18 14 16 13 15 12 15 10 16 9 17 9 19 9 22 10 26 11 30 11 33 11 35 10 36 8 36 5 35 3 33 2 30 1 26 1 21 1 16 1 12 2 9 3 7 4 5 6 4 8 4 11 4 15 5 18 6 20 8 21 11 22 14 22 16 23 17 24 17 26 16 27 14 27 11 27 8 28 6 29 5 31 4 33 4 35 5 36 7 36 10 35 14 35 19 34
20 35 21 34 23 34 25 35 28 36 31 36 33 35 34 33 34 31 33 29 31 28 30 28 30 27 31 25 32 23 34 22 35 22 35 21 34 19 32 17 29 16 25 15 21 14 18 14 16 13 15 12 15 10 16 9 17 9 19 9 22 10 26 11 30 11 33 11 35 10 36 8 36 5 35 3 33 2 30 1 26 1 21 1 16 1 12 2 9 3 7 4 5 6 4 8 4 11 4 15 5 18 6 20 8 21 11 22 14 22 16 23 17 24 17 26 16 27 14 27 11 27 8 28 6 29 5 31 4 33 4 35 5 36 7 36 10 35 14 35 18 35
20 35 21 34 23 34 25 35 28 36 31 36 33 35 34 33 34 31 33 29 31 28 30 28 30 27 31 25 32 23 34 22 35 22 35 21 34 19 32 17 29 16 25 15 21 14 18 14 16 13 15 12 15 10 16 9 17 9 19 9 22 10 26 11 30 11 33 11 35 10 36 8 36 5 35 3 33 2 30 1 26 1 21 1 16 1 12 2 9 3 7 4 5 6 4 8 4 11 4 15 5 18 6 20 8 21 11 22 14 22 16 23 17 24 17 26 16 27 14 27 11 27 8 28 6 29 5 31 4 33 4 35 5 36 7 36 10 35 14 35 19 35
20 35 21 34 23 34 25 35 28 36 31 36 33 35 34 33 34 31 33 29 31 28 30 28 30 27 31 25 32 23 34 22 35 22 35 21 34 19 32 17 29 16 25 15 21 14 18 14 16 13 15 12 15 10 16 9 17 9 19 9 22 10 26 11 30 11 33 11 35 10 36 8 36 5 35 3 33 2 30 1 26 1 21 1 16 1 12 2 9 3 7 4 5 6 4 8 4 11 4 15 5 18 6 20 8 21 11 22 14 22 16 23 17 24 17 26 16 27 14 27 11 27 8 28 6 29 5 31 4 33 4 35 5 36 7 36 10 35 14 35 18 36
20 35 21 34 23 34 25 35 28 36 31 36 33 35 34 33 34 31 33 29 31 28 30 28 30 27 31 25 32 23 34 22 35 22 35 21 34 19 32 17 29 16 25 15 21 14 18 14 16 13 15 12 15 10 16 9 17 9 19 9 22 10 26 11 30 11 33 11 35 10 36 8 36 5 35 3 33 2 30 1 26 1 21 1 16 1 12 2 9 3 7 4 5 6 4 8 4 11 4 15 5 18 6 20 8 21 11 22 14 22 16 23 17 24 17 26 16 27 14 27 11 27 8 28 6 29 5 31 4 33 4 35 5 36 7 36 10 35 14 35 19 36
20 35 21 34 23 34 25 35 28 36 31 36 33 35 34 33 34 31 33 29 31 28 30 28 30 27 31 25 32 23 34 22 35 22 35 21 34 19 32 17 29 16 25 15 21 14 18 14 16 13 15 12 15 10 16 9 17 9 19 9 22 10 26 11 30 11 33 11 35 10 36 8 36 5 35 3 33 2 30 1 26 1 21 1 16 1 12 2 9 3 7 4 5 6 4 8 4 11 4 15 5 18 6 20 8 21 11 22 14 22 16 23 17 24 17 26 16 27 14 27 11 27 8 28 6 29 5 31 4 33 4 35 5 36 7 36 10 36 14 35 18 33
20 35 21 34 23 34 25 35 28 36 31 36 33 35 34 33 34 31 33 29 31 28 30 28 30 27 31 25 32 23 34 22 35 22 35 21 34 19 32 17 29 16 25 15 21 14 18 14 16 13 15 12 15 10 16 9 17 9 19 9 22 10 26 11 30 11 33 11 35 10 36 8 36 5 35 3 33 2 30 1 26 1 21 1 16 1 12 2 9 3 7 4 5 6 4 8 4 11 4 15 5 18 6 20 8 21 11 22 14 22 16 23 17 24 17 26 16 27 14 27 11 27 8 28 6 29 5 31 4 33 4 35 5 36 7 36 10 36 14 35 19 33
20 35 21 34 23 34 25 35 28 36 31 36 33 35 34 33 34 31 33 29 31 28 30 28 30 27 31 25 32 23 34 22 35 22 35 21 34 19 32 17 29 16 25 15 21 14 18 14 16 13 15 12 15 10 16 9 17 9 19 9 22 10 26 11 30 11 33 11 35 10 36 8 36 5 35 3 33 2 30 1 26 1 21 1 16 1 12 2 9 3 7 4 5 6 4 8 4 11 4 15 5 18 6 20 8 21 11 22 14 22 16 23 17 24 17 26 16 27 14 27 11 27 8 28 6 29 5 31 4 33 4 35 5 36 7 36 10 36 14 35 18 34
20 35 21 34 23 34 25 35 28 36 31 36 33 35 34 33 34 31 33 29 31 28 30 28 30 27 31 25 32 23 34 22 35 22 35 21 34 19 32 17 29 16 25 15 21 14 18 14 16 13 15 12 15 10 16 9 17 9 19 9 22 10 26 11 30 11 33 11 35 10 36 8 36 5 35 3 33 2 30 1 26 1 21 1 16 1 12 2 9 3 7 4 5 6 4 8 4 11 4 15 5 18 6 20 8 21 11 22 14 22 16 23 17 24 17 26 16 27 14 27 11 27 8 28 6 29 5 31 4 33 4 35 5 36 7 36 10 36 14 35 19 34
20 35 21 34 23 34 25 35 28 36 31 36 33 35 34 33 34 31 33 29 31 28 30 28 30 27 31 25 32 23 34 22 35 22 35 21 34 19 32 17 29 16 25 15 21 14 18 14 16 13 15 12 15 10 16 9 17 9 19 9 22 10 26 11 30 11 33 11 35 10 36 8 36 5 35 3 33 2 30 1 26 1 21 1 16 1 12 2 9 3 7 4 5 6 4 8 4 11 4 15 5 18 6 20 8 21 11 22 14 22 16 23 17 24 17 26 16 27 14 27 11 27 8 28 6 29 5 31 4 33 4 35 5 36 7 36 10 36 14 35 18 35
20 35 21 34 23 34 25 35 28 36 31 36 33 35 34 33 34 31 33 29 31 28 30 28 30 27 31 25 32 23 34 22 35 22 35 21 34 19 32 17 29 16 25 15 21 14 18 14 16 13 15 12 15 10 16 9 17 9 19 9 22 10 26 11 30 11 33 11 35 10 36 8 36 5 35 3 33 2 30 1 26 1 21 1 16 1 12 2 9 3 7 4 5 6 4 8 4 11 4 15 5 18 6 20 8 21 11 22 14 22 16 23 17 24 17 26 16 27 14 27 11 27 8 28 6 29 5 31 4 33 4 35 5 36 7 36 10 36 14 35 19 35
20 35 21 34 23 34 25 35 28 36 31 36 33 35 34 33 34 31 33 29 31 28 30 28 30 27 31 25 32 23 34 22 35 22 35 21 34 19 32 17 29 16 25 15 21 14 18 14 16 13 15 12 15 10 16 9 17 9 19 9 22 10 26 11 30 11 33 11 35 10 36 8 36 5 35 3 33 2 30 1 26 1 21 1 16 1 12 2 9 3 7 4 5 6 4 8 4 11 4 15 5 18 6 20 8 21 11 22 14 22 16 23 17 24 17 26 16 27 14 27 11 27 8 28 6 29 5 31 4 33 4 35 5 36 7 36 10 36 14 36 18 35
20 35 21 34 23 34 25 35 28 36 31 36 33 35 34 33 34 31 33 29 31 28 30 28 30 27 31 25 32 23 34 22 35 22 35 21 34 19 32 17 29 16 25 15 21 14 18 14 16 13 15 12 15 10 16 9 17 9 19 9 22 10 26 11 30 11 33 11 35 10 36 8 36 5 35 3 33 2 30 1 26 1 21 1 16 1 12 2 9 3 7 4 5 6 4 8 4 11 4 15 5 18 6 20 8 21 11 22 14 22 16 23 17 24 17 26 16 27 14 27 11 27 8 28 6 29 5 31 4 33 4 35 5 36 7 36 10 36 14 36 19 35