100
6 15 6 16 7 17 8 19 8 22 8 26 9 30 11 33 14 35 18 36 23 36 28 36 32 35 35 33 37 30 38 26 38 21 37 17 35 14 32 12 28 11 23 11 17 12
6 15 6 16 7 18 8 20 8 23 9 27 10 31 12 34 15 36 19 37 24 37 29 36 33 34 36 31 38 27 39 22 39 18 38 15 36 13 33 12 29 12 24 12 18 13
6 15 6 16 7 18 8 20 8 23 9 27 10 31 12 34 15 36 19 37 24 37 29 36 33 34 36 31 38 27 39 22 39 18 38 15 36 13 33 12 29 12 24 13 18 13
6 15 6 16 7 18 8 20 8 23 9 27 10 31 12 34 15 36 19 37 24 37 29 36 33 34 36 31 38 27 39 23 39 19 38 16 36 14 33 13 29 13 24 13 18 13
6 15 6 16 7 18 9 21 10 25 10 29 11 33 13 36 15 38 18 39 22 39 27 38 31 36 34 33 36 29 37 24 37 20 36 16 34 13 31 11 27 10 22 10 16 11
6 15 7 16 8 18 8 21 9 25 10 29 12 33 15 36 19 38 24 39 29 39 33 38 36 36 38 33 39 29 39 24 38 20 36 16 33 13 29 11 24 10 18 10 13 10
6 15 7 16 8 18 8 21 9 25 10 29 12 33 15 36 19 38 24 39 29 39 33 38 36 36 38 33 39 29 39 24 38 20 36 16 33 13 29 11 24 10 18 10 13 11
6 15 7 16 8 18 8 21 9 25 10 29 12 33 15 36 19 38 24 39 29 39 33 38 36 36 38 33 39 29 39 24 38 20 36 16 33 13 29 11 24 10 19 10 13 10
6 15 7 16 8 18 8 21 9 25 10 29 12 33 15 36 19 38 24 39 29 39 33 38 36 36 38 33 39 29 39 24 38 20 36 16 33 13 29 11 24 10 19 10 14 10
6 15 7 16 8 18 8 21 9 25 10 29 12 33 15 36 19 38 24 39 29 39 33 38 36 36 38 33 39 29 39 24 38 20 36 16 33 13 29 11 24 10 19 10 15 10
6 15 7 16 8 18 8 21 9 25 10 29 12 33 15 36 19 38 24 39 29 39 33 38 36 36 38 33 39 29 39 24 38 20 36 16 33 13 29 11 24 10 19 10 13 11
6 15 7 16 8 18 8 21 9 25 10 29 12 33 15 36 19 38 24 39 29 39 33 38 36 36 38 33 39 29 39 24 38 20 36 16 33 13 29 11 24 10 19 10 14 11
6 15 7 16 8 18 8 21 9 25 10 29 12 33 15 36 19 38 24 39 29 39 33 38 36 36 38 33 39 29 39 24 38 20 36 16 33 13 29 11 24 10 19 10 15 11
6 15 7 16 8 18 8 21 9 25 10 29 12 33 15 36 19 38 24 39 29 39 33 38 36 36 38 33 39 29 39 24 38 20 36 16 33 13 29 11 24 10 20 10 15 10
6 15 7 16 8 18 8 21 9 25 10 29 12 33 15 36 19 38 24 39 29 39 33 38 36 36 38 33 39 29 39 24 38 20 36 16 33 13 29 11 24 10 20 10 15 11
6 15 7 16 8 18 8 21 9 25 10 29 12 33 15 36 19 38 24 39 29 39 33 38 36 36 38 33 39 29 39 24 38 20 36 16 33 13 29 11 24 10 20 10 16 11
6 15 7 16 8 18 8 21 9 25 10 29 12 33 15 36 19 38 24 39 29 39 33 38 36 36 38 33 39 29 39 24 38 20 36 16 33 13 29 11 25 10 20 10 14 10
6 15 7 16 8 18 8 21 9 25 10 29 12 33 15 36 19 38 24 39 29 39 33 38 36 36 38 33 39 29 39 24 38 20 36 16 33 13 29 11 25 10 20 10 15 10
6 15 7 16 8 18 8 21 9 25 10 29 12 33 15 36 19 38 24 39 29 39 33 38 36 36 38 33 39 29 39 24 38 20 36 16 33 13 29 11 25 10 20 10 14 11
6 15 7 16 8 18 8 21 9 25 10 29 12 33 15 36 19 38 24 39 29 39 33 38 36 36 38 33 39 29 39 24 38 20 36 16 33 13 29 11 25 10 20 10 15 11
6 15 7 16 8 18 8 21 9 25 10 29 12 33 15 36 19 38 24 39 29 39 33 38 36 36 38 33 39 29 39 24 38 20 36 16 33 13 29 11 25 10 20 10 16 11
6 15 7 16 8 18 8 21 9 25 10 29 12 33 15 36 19 38 24 39 29 39 33 38 36 36 38 33 39 29 39 24 38 20 36 16 33 13 29 11 25 10 21 10 16 11
6 15 7 16 8 18 8 21 9 25 10 29 12 33 15 36 19 38 24 39 29 39 33 38 36 36 38 33 39 29 39 24 38 20 36 16 33 13 30 11 26 10 21 10 15 10
6 15 7 16 8 18 8 21 9 25 10 29 12 33 15 36 19 38 24 39 29 39 33 38 36 36 38 33 39 29 39 24 38 20 36 16 33 13 30 11 26 10 21 10 15 11
6 15 7 16 8 18 8 21 9 25 10 29 12 33 15 36 19 38 24 39 29 39 33 38 36 36 38 33 39 29 39 24 38 20 36 16 33 13 30 11 26 10 21 10 16 11
6 15 6 16 7 17 8 19 8 22 8 26 9 30 11 33 14 35 18 36 23 36 28 36 32 35 35 33 37 30 38 26 38 21 37 17 35 14 32 12 28 11 23 10 18 10 13 10
6 15 6 16 7 17 8 19 8 22 8 26 9 30 11 33 14 35 18 36 23 36 28 36 32 35 35 33 37 30 38 26 38 21 37 17 35 14 32 12 28 11 23 10 18 10 14 10
6 15 6 16 7 17 8 19 8 22 8 26 9 30 11 33 14 35 18 36 23 36 28 36 32 35 35 33 37 30 38 26 38 21 37 17 35 14 32 12 28 11 23 10 18 10 13 11
6 15 6 16 7 17 8 19 8 22 8 26 9 30 11 33 14 35 18 36 23 36 28 36 32 35 35 33 37 30 38 26 38 21 37 17 35 14 32 12 28 11 23 10 18 10 14 11
6 15 6 16 7 17 8 19 8 22 8 26 9 30 11 33 14 35 18 36 23 36 28 36 32 35 35 33 37 30 38 26 38 21 37 17 35 14 32 12 28 11 23 10 19 10 14 10
6 15 6 16 7 17 8 19 8 22 8 26 9 30 11 33 14 35 18 36 23 36 28 36 32 35 35 33 37 30 38 26 38 21 37 17 35 14 32 12 28 11 23 10 19 10 15 10
6 15 6 16 7 17 8 19 8 22 8 26 9 30 11 33 14 35 18 36 23 36 28 36 32 35 35 33 37 30 38 26 38 21 37 17 35 14 32 12 28 11 23 10 19 10 14 11
6 15 6 16 7 17 8 19 8 22 8 26 9 30 11 33 14 35 18 36 23 36 28 36 32 35 35 33 37 30 38 26 38 21 37 17 35 14 32 12 28 11 23 10 19 10 15 11
6 15 6 16 7 17 8 19 8 22 8 26 9 30 11 33 14 35 18 36 23 36 28 36 32 35 35 33 37 30 38 26 38 21 37 17 35 14 32 12 28 11 23 10 19 10 16 11
6 15 6 16 7 17 8 19 8 22 8 26 9 30 11 33 14 35 18 36 23 36 28 36 32 35 35 33 37 30 38 26 38 21 37 17 35 14 32 12 28 11 23 11 18 10 13 10
6 15 6 16 7 17 8 19 8 22 8 26 9 30 11 33 14 35 18 36 23 36 28 36 32 35 35 33 37 30 38 26 38 21 37 17 35 14 32 12 28 11 23 11 18 10 14 10
6 15 6 16 7 17 8 19 8 22 8 26 9 30 11 33 14 35 18 36 23 36 28 36 32 35 35 33 37 30 38 26 38 21 37 17 35 14 32 12 28 11 23 11 19 10 14 10
6 15 6 16 7 17 8 19 8 22 8 26 9 30 11 33 14 35 18 36 23 36 28 36 32 35 35 33 37 30 38 26 38 21 37 17 35 14 32 12 28 11 23 11 19 10 15 10
6 15 6 16 7 17 8 19 8 22 8 26 9 30 11 33 14 35 18 36 23 36 28 36 32 35 35 33 37 30 38 26 38 21 37 17 35 14 32 12 28 11 23 11 18 11 13 10
6 15 6 16 7 17 8 19 8 22 8 26 9 30 11 33 14 35 18 36 23 36 28 36 32 35 35 33 37 30 38 26 38 21 37 17 35 14 32 12 28 11 23 11 18 11 14 10
6 15 6 16 7 17 8 19 8 22 8 26 9 30 11 33 14 35 18 36 23 36 28 36 32 35 35 33 37 30 38 26 38 21 37 17 35 14 32 12 28 11 23 11 18 11 13 11
6 15 6 16 7 17 8 19 8 22 8 26 9 30 11 33 14 35 18 36 23 36 28 36 32 35 35 33 37 30 38 26 38 21 37 17 35 14 32 12 28 11 23 11 18 11 14 11
6 15 6 16 7 17 8 19 8 22 8 26 9 30 11 33 14 35 18 36 23 36 28 36 32 35 35 33 37 30 38 26 38 21 37 17 35 14 32 12 28 11 23 11 18 11 13 12
6 15 6 16 7 17 8 19 8 22 8 26 9 30 11 33 14 35 18 36 23 36 28 36 32 35 35 33 37 30 38 26 38 21 37 17 35 14 32 12 28 11 23 11 18 11 14 12
6 15 6 16 7 17 8 19 8 22 8 26 9 30 11 33 14 35 18 36 23 36 28 36 32 35 35 33 37 30 38 26 38 21 37 17 35 14 32 12 28 11 23 11 19 11 14 10
6 15 6 16 7 17 8 19 8 22 8 26 9 30 11 33 14 35 18 36 23 36 28 36 32 35 35 33 37 30 38 26 38 21 37 17 35 14 32 12 28 11 23 11 19 11 15 10
6 15 6 16 7 17 8 19 8 22 8 26 9 30 11 33 14 35 18 36 23 36 28 36 32 35 35 33 37 30 38 26 38 21 37 17 35 14 32 12 28 11 23 11 19 11 14 11
6 15 6 16 7 17 8 19 8 22 8 26 9 30 11 33 14 35 18 36 23 36 28 36 32 35 35 33 37 30 38 26 38 21 37 17 35 14 32 12 28 11 23 11 19 11 15 11
6 15 6 16 7 17 8 19 8 22 8 26 9 30 11 33 14 35 18 36 23 36 28 36 32 35 35 33 37 30 38 26 38 21 37 17 35 14 32 12 28 11 23 11 19 11 16 11
6 15 6 16 7 17 8 19 8 22 8 26 9 30 11 33 14 35 18 36 23 36 28 36 32 35 35 33 37 30 38 26 38 21 37 17 35 14 32 12 28 11 23 11 19 11 14 12
6 15 6 16 7 17 8 19 8 22 8 26 9 30 11 33 14 35 18 36 23 36 28 36 32 35 35 33 37 30 38 26 38 21 37 17 35 14 32 12 28 11 23 11 19 11 15 12
6 15 6 16 7 17 8 19 8 22 8 26 9 30 11 33 14 35 18 36 23 36 28 36 32 35 35 33 37 30 38 26 38 21 37 17 35 14 32 12 28 11 23 11 19 11 16 12
6 15 6 16 7 17 8 19 8 22 8 26 9 30 11 33 14 35 18 36 23 36 28 36 32 35 35 33 37 30 38 26 38 21 37 17 35 14 32 12 28 11 23 11 18 12 13 12
6 15 6 16 7 17 8 19 8 22 8 26 9 30 11 33 14 35 18 36 23 36 28 36 32 35 35 33 37 30 38 26 38 21 37 17 35 14 32 12 28 11 23 11 18 12 14 12
6 15 6 16 7 17 8 19 8 22 8 26 9 30 11 33 14 35 18 36 23 36 28 36 32 35 35 33 37 30 38 26 38 21 37 17 35 14 32 12 28 11 23 11 18 12 13 13
6 15 6 16 7 17 8 19 8 22 8 26 9 30 11 33 14 35 18 36 23 36 28 36 32 35 35 33 37 30 38 26 38 21 37 17 35 14 32 12 28 11 23 11 18 12 14 13
6 15 6 16 7 17 8 19 8 22 8 26 9 30 11 33 14 35 18 36 23 36 28 36 32 35 35 33 37 30 38 26 38 21 37 17 35 14 32 12 28 11 23 11 19 12 14 12
6 15 6 16 7 17 8 19 8 22 8 26 9 30 11 33 14 35 18 36 23 36 28 36 32 35 35 33 37 30 38 26 38 21 37 17 35 14 32 12 28 11 23 11 19 12 15 12
6 15 6 16 7 17 8 19 8 22 8 26 9 30 11 33 14 35 18 36 23 36 28 36 32 35 35 33 37 30 38 26 38 21 37 17 35 14 32 12 28 11 23 11 19 12 16 12
6 15 6 16 7 17 8 19 8 22 8 26 9 30 11 33 14 35 18 36 23 36 28 36 32 35 35 33 37 30 38 26 38 21 37 17 35 14 32 12 28 11 23 11 19 12 14 13
6 15 6 16 7 17 8 19 8 22 8 26 9 30 11 33 14 35 18 36 23 36 28 36 32 35 35 33 37 30 38 26 38 21 37 17 35 14 32 12 28 11 23 11 19 12 15 13
6 15 6 16 7 17 8 19 8 22 8 26 9 30 11 33 14 35 18 36 23 36 28 36 32 35 35 33 37 30 38 26 38 21 37 17 35 14 32 12 28 11 23 11 19 12 16 13
6 15 6 16 7 17 8 19 8 22 8 26 9 30 11 33 14 35 18 36 23 36 28 36 32 35 35 33 37 30 38 26 38 21 37 17 35 14 32 12 28 11 24 11 19 10 13 10
6 15 6 16 7 17 8 19 8 22 8 26 9 30 11 33 14 35 18 36 23 36 28 36 32 35 35 33 37 30 38 26 38 21 37 17 35 14 32 12 28 11 24 11 19 10 14 10
6 15 6 16 7 17 8 19 8 22 8 26 9 30 11 33 14 35 18 36 23 36 28 36 32 35 35 33 37 30 38 26 38 21 37 17 35 14 32 12 28 11 24 11 19 10 15 10
6 15 6 16 7 17 8 19 8 22 8 26 9 30 11 33 14 35 18 36 23 36 28 36 32 35 35 33 37 30 38 26 38 21 37 17 35 14 32 12 28 11 24 11 20 10 15 10
6 15 6 16 7 17 8 19 8 22 8 26 9 30 11 33 14 35 18 36 23 36 28 36 32 35 35 33 37 30 38 26 38 21 37 17 35 14 32 12 28 11 24 11 19 11 13 10
6 15 6 16 7 17 8 19 8 22 8 26 9 30 11 33 14 35 18 36 23 36 28 36 32 35 35 33 37 30 38 26 38 21 37 17 35 14 32 12 28 11 24 11 19 11 14 10
6 15 6 16 7 17 8 19 8 22 8 26 9 30 11 33 14 35 18 36 23 36 28 36 32 35 35 33 37 30 38 26 38 21 37 17 35 14 32 12 28 11 24 11 19 11 15 10
6 15 6 16 7 17 8 19 8 22 8 26 9 30 11 33 14 35 18 36 23 36 28 36 32 35 35 33 37 30 38 26 38 21 37 17 35 14 32 12 28 11 24 11 19 11 13 11
6 15 6 16 7 17 8 19 8 22 8 26 9 30 11 33 14 35 18 36 23 36 28 36 32 35 35 33 37 30 38 26 38 21 37 17 35 14 32 12 28 11 24 11 19 11 14 11
6 15 6 16 7 17 8 19 8 22 8 26 9 30 11 33 14 35 18 36 23 36 28 36 32 35 35 33 37 30 38 26 38 21 37 17 35 14 32 12 28 11 24 11 19 11 15 11
6 15 6 16 7 17 8 19 8 22 8 26 9 30 11 33 14 35 18 36 23 36 28 36 32 35 35 33 37 30 38 26 38 21 37 17 35 14 32 12 28 11 24 11 19 11 13 12
6 15 6 16 7 17 8 19 8 22 8 26 9 30 11 33 14 35 18 36 23 36 28 36 32 35 35 33 37 30 38 26 38 21 37 17 35 14 32 12 28 11 24 11 19 11 14 12
6 15 6 16 7 17 8 19 8 22 8 26 9 30 11 33 14 35 18 36 23 36 28 36 32 35 35 33 37 30 38 26 38 21 37 17 35 14 32 12 28 11 24 11 19 11 15 12
6 15 6 16 7 17 8 19 8 22 8 26 9 30 11 33 14 35 18 36 23 36 28 36 32 35 35 33 37 30 38 26 38 21 37 17 35 14 32 12 28 11 24 11 20 11 15 10
6 15 6 16 7 17 8 19 8 22 8 26 9 30 11 33 14 35 18 36 23 36 28 36 32 35 35 33 37 30 38 26 38 21 37 17 35 14 32 12 28 11 24 11 20 11 15 11
6 15 6 16 7 17 8 19 8 22 8 26 9 30 11 33 14 35 18 36 23 36 28 36 32 35 35 33 37 30 38 26 38 21 37 17 35 14 32 12 28 11 24 11 20 11 16 11
6 15 6 16 7 17 8 19 8 22 8 26 9 30 11 33 14 35 18 36 23 36 28 36 32 35 35 33 37 30 38 26 38 21 37 17 35 14 32 12 28 11 24 11 20 11 15 12
6 15 6 16 7 17 8 19 8 22 8 26 9 30 11 33 14 35 18 36 23 36 28 36 32 35 35 33 37 30 38 26 38 21 37 17 35 14 32 12 28 11 24 11 20 11 16 12
6 15 6 16 7 17 8 19 8 22 8 26 9 30 11 33 14 35 18 36 23 36 28 36 32 35 35 33 37 30 38 26 38 21 37 17 35 14 32 12 28 11 24 11 20 11 17 12
6 15 6 16 7 17 8 19 8 22 8 26 9 30 11 33 14 35 18 36 23 36 28 36 32 35 35 33 37 30 38 26 38 21 37 17 35 14 32 12 28 11 24 11 21 11 17 12
6 15 6 16 7 17 8 19 8 22 8 26 9 30 11 33 14 35 18 36 23 36 28 36 32 35 35 33 37 30 38 26 38 21 37 17 35 14 32 12 28 11 24 11 19 12 13 12
6 15 6 16 7 17 8 19 8 22 8 26 9 30 11 33 14 35 18 36 23 36 28 36 32 35 35 33 37 30 38 26 38 21 37 17 35 14 32 12 28 11 24 11 19 12 14 12
6 15 6 16 7 17 8 19 8 22 8 26 9 30 11 33 14 35 18 36 23 36 28 36 32 35 35 33 37 30 38 26 38 21 37 17 35 14 32 12 28 11 24 11 19 12 15 12
6 15 6 16 7 17 8 19 8 22 8 26 9 30 11 33 14 35 18 36 23 36 28 36 32 35 35 33 37 30 38 26 38 21 37 17 35 14 32 12 28 11 24 11 19 12 13 13
6 15 6 16 7 17 8 19 8 22 8 26 9 30 11 33 14 35 18 36 23 36 28 36 32 35 35 33 37 30 38 26 38 21 37 17 35 14 32 12 28 11 24 11 19 12 14 13
6 15 6 16 7 17 8 19 8 22 8 26 9 30 11 33 14 35 18 36 23 36 28 36 32 35 35 33 37 30 38 26 38 21 37 17 35 14 32 12 28 11 24 11 19 12 15 13
6 15 6 16 7 17 8 19 8 22 8 26 9 30 11 33 14 35 18 36 23 36 28 36 32 35 35 33 37 30 38 26 38 21 37 17 35 14 32 12 28 11 24 11 20 12 15 12
6 15 6 16 7 17 8 19 8 22 8 26 9 30 11 33 14 35 18 36 23 36 28 36 32 35 35 33 37 30 38 26 38 21 37 17 35 14 32 12 28 11 24 11 20 12 16 12
6 15 6 16 7 17 8 19 8 22 8 26 9 30 11 33 14 35 18 36 23 36 28 36 32 35 35 33 37 30 38 26 38 21 37 17 35 14 32 12 28 11 24 11 20 12 17 12
6 15 6 16 7 17 8 19 8 22 8 26 9 30 11 33 14 35 18 36 23 36 28 36 32 35 35 33 37 30 38 26 38 21 37 17 35 14 32 12 28 11 24 11 20 12 15 13
6 15 6 16 7 17 8 19 8 22 8 26 9 30 11 33 14 35 18 36 23 36 28 36 32 35 35 33 37 30 38 26 38 21 37 17 35 14 32 12 28 11 24 11 20 12 16 13
6 15 6 16 7 17 8 19 8 22 8 26 9 30 11 33 14 35 18 36 23 36 28 36 32 35 35 33 37 30 38 26 38 21 37 17 35 14 32 12 28 11 24 11 20 12 17 13
6 15 6 16 7 17 8 19 8 22 8 26 9 30 11 33 14 35 18 36 23 36 28 36 32 35 35 33 37 30 38 26 38 21 37 17 35 14 32 12 28 11 24 11 21 12 17 12
6 15 6 16 7 17 8 19 8 22 8 26 9 30 11 33 14 35 18 36 23 36 28 36 32 35 35 33 37 30 38 26 38 21 37 17 35 14 32 12 28 11 24 11 21 12 17 13
6 15 6 16 7 17 8 19 8 22 8 26 9 30 11 33 14 35 18 36 23 36 28 36 32 35 35 33 37 30 38 26 38 21 37 17 35 14 32 12 28 11 24 11 21 12 18 13
6 15 6 16 7 17 8 19 8 22 8 26 9 30 11 33 14 35 18 36 23 36 28 36 32 35 35 33 37 30 38 26 38 21 37 17 35 14 32 12 28 11 25 11 21 11 16 11
6 15 6 16 7 17 8 19 8 22 8 26 9 30 11 33 14 35 18 36 23 36 28 36 32 35 35 33 37 30 38 26 38 21 37 17 35 14 32 12 28 11 25 11 21 11 16 12
6 15 6 16 7 17 8 19 8 22 8 26 9 30 11 33 14 35 18 36 23 36 28 36 32 35 35 33 37 30 38 26 38 21 37 17 35 14 32 12 28 11 25 11 21 11 17 12