100
20 38 21 37 23 37 26 37 29 36 33 34 36 31 38 27 39 22 39 16 38 11 36 7 33 4 29 2 24 1 18 1 13 2 9 4 6 7 4 10 3 14 3 19 4 25 5 30 7 34 10 37 14 39
20 38 21 37 23 37 26 37 29 36 33 34 36 31 38 27 39 22 39 16 38 11 36 7 33 4 29 2 24 1 18 1 13 2 9 4 6 7 4 10 3 14 3 19 4 25 6 30 8 34 11 37 14 39
20 38 21 37 23 37 26 37 29 36 33 34 36 31 38 27 39 22 39 16 38 11 36 7 33 4 29 2 24 1 18 1 13 2 9 4 6 7 4 10 3 14 3 19 4 25 6 30 8 34 11 37 15 39
20 38 21 37 23 37 26 37 29 36 33 34 36 31 38 27 39 22 39 16 38 11 36 7 33 4 29 2 24 1 18 1 13 2 9 4 6 7 4 10 3 14 3 19 4 25 6 30 9 34 11 37 14 39
20 38 21 37 23 37 26 37 29 36 33 34 36 31 38 27 39 22 39 16 38 11 36 7 33 4 29 2 24 1 18 1 13 2 9 4 6 7 4 10 3 14 3 19 4 25 6 30 9 34 12 37 14 39
20 38 21 37 23 37 26 37 29 36 33 34 36 31 38 27 39 22 39 16 38 11 36 7 33 4 29 2 24 1 18 1 13 2 9 4 6 7 4 10 3 14 3 19 4 25 6 30 9 34 12 37 15 39
20 38 21 37 23 37 26 37 29 36 33 34 36 31 38 27 39 22 39 16 38 11 36 7 33 4 29 2 24 1 18 1 13 2 9 4 6 7 4 10 3 14 3 19 4 25 6 30 9 34 12 37 16 39
20 38 21 37 23 37 26 37 29 36 33 34 36 31 38 27 39 22 39 16 38 11 36 7 33 4 29 2 24 1 18 1 13 2 9 4 6 7 4 10 3 14 3 19 4 25 6 30 9 34 13 37 16 39
20 38 21 37 23 37 26 37 29 36 33 34 36 31 38 27 39 22 39 16 38 11 36 7 33 4 29 2 24 1 18 1 13 2 9 4 6 7 4 10 3 14 3 19 4 25 6 30 9 34 13 37 17 39
20 38 21 37 23 37 26 37 29 36 33 34 36 31 38 27 39 22 39 16 38 11 36 7 33 4 29 2 24 1 18 1 13 2 9 4 6 7 4 10 3 14 3 19 4 25 6 30 9 34 13 37 18 39
20 38 21 37 23 37 26 37 29 36 33 34 36 31 38 27 39 22 39 16 38 11 36 7 33 4 29 2 24 1 18 1 13 2 9 4 6 7 4 11 3 15 3 20 4 25 5 29 7 32 10 35 14 39
20 38 21 37 23 37 26 37 29 36 33 34 36 31 38 27 39 22 39 16 38 11 36 7 33 4 29 2 24 1 18 1 13 2 9 4 6 7 4 11 3 15 3 20 4 25 5 29 7 32 10 36 14 39
20 38 21 37 23 37 26 37 29 36 33 34 36 31 38 27 39 22 39 16 38 11 36 7 33 4 29 2 24 1 18 1 13 2 9 4 6 7 4 11 3 15 3 20 4 25 5 29 7 33 10 36 14 39
20 38 21 37 23 37 26 37 29 36 33 34 36 31 38 27 39 22 39 16 38 11 36 7 33 4 29 2 24 1 18 1 13 2 9 4 6 7 4 11 3 15 3 20 4 25 6 29 8 32 11 34 15 36
20 38 21 37 23 37 26 37 29 36 33 34 36 31 38 27 39 22 39 16 38 11 36 7 33 4 29 2 24 1 18 1 13 2 9 4 6 7 4 11 3 15 3 20 4 25 6 29 8 32 11 34 15 37
20 38 21 37 23 37 26 37 29 36 33 34 36 31 38 27 39 22 39 16 38 11 36 7 33 4 29 2 24 1 18 1 13 2 9 4 6 7 4 11 3 15 3 20 4 25 6 29 8 32 11 35 15 37
20 38 21 37 23 37 26 37 29 36 33 34 36 31 38 27 39 22 39 16 38 11 36 7 33 4 29 2 24 1 18 1 13 2 9 4 6 7 4 11 3 15 3 20 4 25 6 29 8 32 11 35 15 38
20 38 21 37 23 37 26 37 29 36 33 34 36 31 38 27 39 22 39 16 38 11 36 7 33 4 29 2 24 1 18 1 13 2 9 4 6 7 4 11 3 15 3 20 4 25 6 29 8 32 11 35 14 39
20 38 21 37 23 37 26 37 29 36 33 34 36 31 38 27 39 22 39 16 38 11 36 7 33 4 29 2 24 1 18 1 13 2 9 4 6 7 4 11 3 15 3 20 4 25 6 29 8 32 11 35 15 39
20 38 21 37 23 37 26 37 29 36 33 34 36 31 38 27 39 22 39 16 38 11 36 7 33 4 29 2 24 1 18 1 13 2 9 4 6 7 4 11 3 15 3 20 4 25 6 29 8 32 11 36 14 39
20 38 21 37 23 37 26 37 29 36 33 34 36 31 38 27 39 22 39 16 38 11 36 7 33 4 29 2 24 1 18 1 13 2 9 4 6 7 4 11 3 15 3 20 4 25 6 29 8 32 11 36 15 39
20 38 21 37 23 37 26 37 29 36 33 34 36 31 38 27 39 22 39 16 38 11 36 7 33 4 29 2 24 1 18 1 13 2 9 4 6 7 4 11 3 15 3 20 4 25 6 29 9 32 11 35 14 39
20 38 21 37 23 37 26 37 29 36 33 34 36 31 38 27 39 22 39 16 38 11 36 7 33 4 29 2 24 1 18 1 13 2 9 4 6 7 4 11 3 15 3 20 4 25 6 29 9 32 12 35 15 37
20 38 21 37 23 37 26 37 29 36 33 34 36 31 38 27 39 22 39 16 38 11 36 7 33 4 29 2 24 1 18 1 13 2 9 4 6 7 4 11 3 15 3 20 4 25 6 29 9 32 12 35 16 37
20 38 21 37 23 37 26 37 29 36 33 34 36 31 38 27 39 22 39 16 38 11 36 7 33 4 29 2 24 1 18 1 13 2 9 4 6 7 4 11 3 15 3 20 4 25 6 29 9 32 12 35 15 38
20 38 21 37 23 37 26 37 29 36 33 34 36 31 38 27 39 22 39 16 38 11 36 7 33 4 29 2 24 1 18 1 13 2 9 4 6 7 4 11 3 15 3 20 4 25 6 29 9 32 12 35 16 38
20 38 21 37 23 37 26 37 29 36 33 34 36 31 38 27 39 22 39 16 38 11 36 7 33 4 29 2 24 1 18 1 13 2 9 4 6 7 4 11 3 15 3 20 4 25 6 29 9 32 12 35 14 39
20 38 21 37 23 37 26 37 29 36 33 34 36 31 38 27 39 22 39 16 38 11 36 7 33 4 29 2 24 1 18 1 13 2 9 4 6 7 4 11 3 15 3 20 4 25 6 29 9 32 12 35 15 39
20 38 21 37 23 37 26 37 29 36 33 34 36 31 38 27 39 22 39 16 38 11 36 7 33 4 29 2 24 1 18 1 13 2 9 4 6 7 4 11 3 15 3 20 4 25 6 29 9 32 12 35 16 39
20 38 21 37 23 37 26 37 29 36 33 34 36 31 38 27 39 22 39 16 38 11 36 7 33 4 29 2 24 1 18 1 13 2 9 4 6 7 4 11 3 15 3 20 4 25 6 29 9 32 11 36 14 39
20 38 21 37 23 37 26 37 29 36 33 34 36 31 38 27 39 22 39 16 38 11 36 7 33 4 29 2 24 1 18 1 13 2 9 4 6 7 4 11 3 15 3 20 4 25 6 29 9 32 12 36 14 39
20 38 21 37 23 37 26 37 29 36 33 34 36 31 38 27 39 22 39 16 38 11 36 7 33 4 29 2 24 1 18 1 13 2 9 4 6 7 4 11 3 15 3 20 4 25 6 29 9 32 12 36 15 39
20 38 21 37 23 37 26 37 29 36 33 34 36 31 38 27 39 22 39 16 38 11 36 7 33 4 29 2 24 1 18 1 13 2 9 4 6 7 4 11 3 15 3 20 4 25 6 29 9 32 12 36 16 39
20 38 21 37 23 37 26 37 29 36 33 34 36 31 38 27 39 22 39 16 38 11 36 7 33 4 29 2 24 1 18 1 13 2 9 4 6 7 4 11 3 15 3 20 4 25 6 29 9 32 13 36 16 39
20 38 21 37 23 37 26 37 29 36 33 34 36 31 38 27 39 22 39 16 38 11 36 7 33 4 29 2 24 1 18 1 13 2 9 4 6 7 4 11 3 15 3 20 4 25 6 29 9 32 13 36 17 39
20 38 21 37 23 37 26 37 29 36 33 34 36 31 38 27 39 22 39 16 38 11 36 7 33 4 29 2 24 1 18 1 13 2 9 4 6 7 4 11 3 15 3 20 4 25 6 29 9 32 13 36 18 39
20 38 21 37 23 37 26 37 29 36 33 34 36 31 38 27 39 22 39 16 38 11 36 7 33 4 29 2 24 1 18 1 13 2 9 4 6 7 4 11 3 15 3 20 4 25 6 29 8 33 11 36 15 38
20 38 21 37 23 37 26 37 29 36 33 34 36 31 38 27 39 22 39 16 38 11 36 7 33 4 29 2 24 1 18 1 13 2 9 4 6 7 4 11 3 15 3 20 4 25 6 29 8 33 11 36 14 39
20 38 21 37 23 37 26 37 29 36 33 34 36 31 38 27 39 22 39 16 38 11 36 7 33 4 29 2 24 1 18 1 13 2 9 4 6 7 4 11 3 15 3 20 4 25 6 29 8 33 11 36 15 39
20 38 21 37 23 37 26 37 29 36 33 34 36 31 38 27 39 22 39 16 38 11 36 7 33 4 29 2 24 1 18 1 13 2 9 4 6 7 4 11 3 15 3 20 4 25 6 29 9 33 11 36 14 39
20 38 21 37 23 37 26 37 29 36 33 34 36 31 38 27 39 22 39 16 38 11 36 7 33 4 29 2 24 1 18 1 13 2 9 4 6 7 4 11 3 15 3 20 4 25 6 29 9 33 12 36 15 38
20 38 21 37 23 37 26 37 29 36 33 34 36 31 38 27 39 22 39 16 38 11 36 7 33 4 29 2 24 1 18 1 13 2 9 4 6 7 4 11 3 15 3 20 4 25 6 29 9 33 12 36 16 38
20 38 21 37 23 37 26 37 29 36 33 34 36 31 38 27 39 22 39 16 38 11 36 7 33 4 29 2 24 1 18 1 13 2 9 4 6 7 4 11 3 15 3 20 4 25 6 29 9 33 12 36 14 39
20 38 21 37 23 37 26 37 29 36 33 34 36 31 38 27 39 22 39 16 38 11 36 7 33 4 29 2 24 1 18 1 13 2 9 4 6 7 4 11 3 15 3 20 4 25 6 29 9 33 12 36 15 39
20 38 21 37 23 37 26 37 29 36 33 34 36 31 38 27 39 22 39 16 38 11 36 7 33 4 29 2 24 1 18 1 13 2 9 4 6 7 4 11 3 15 3 20 4 25 6 29 9 33 12 36 16 39
20 38 21 37 23 37 26 37 29 36 33 34 36 31 38 27 39 22 39 16 38 11 36 7 33 4 29 2 24 1 18 1 13 2 9 4 6 7 4 11 3 15 3 20 4 25 6 29 9 33 13 36 16 38
20 38 21 37 23 37 26 37 29 36 33 34 36 31 38 27 39 22 39 16 38 11 36 7 33 4 29 2 24 1 18 1 13 2 9 4 6 7 4 11 3 15 3 20 4 25 6 29 9 33 13 36 17 38
20 38 21 37 23 37 26 37 29 36 33 34 36 31 38 27 39 22 39 16 38 11 36 7 33 4 29 2 24 1 18 1 13 2 9 4 6 7 4 11 3 15 3 20 4 25 6 29 9 33 13 36 18 38
20 38 21 37 23 37 26 37 29 36 33 34 36 31 38 27 39 22 39 16 38 11 36 7 33 4 29 2 24 1 18 1 13 2 9 4 6 7 4 11 3 15 3 20 4 25 6 29 9 33 13 36 16 39
20 38 21 37 23 37 26 37 29 36 33 34 36 31 38 27 39 22 39 16 38 11 36 7 33 4 29 2 24 1 18 1 13 2 9 4 6 7 4 11 3 15 3 20 4 25 6 29 9 33 13 36 17 39
20 38 21 37 23 37 26 37 29 36 33 34 36 31 38 27 39 22 39 16 38 11 36 7 33 4 29 2 24 1 18 1 13 2 9 4 6 7 4 11 3 15 3 20 4 25 6 29 9 33 13 36 18 39
20 38 21 37 23 37 26 37 29 36 33 34 36 31 38 27 39 22 39 16 38 11 36 7 33 4 29 2 24 1 18 1 13 2 9 4 6 7 4 11 3 16 3 21 4 25 5 28 7 31 10 35 14 39
20 38 21 37 23 37 26 37 29 36 33 34 36 31 38 27 39 22 39 16 38 11 36 7 33 4 29 2 24 1 18 1 13 2 9 4 6 7 4 11 3 16 3 21 4 26 6 30 8 33 11 35 15 36
20 38 21 37 23 37 26 37 29 36 33 34 36 31 38 27 39 22 39 16 38 11 36 7 33 4 29 2 24 1 18 1 13 2 9 4 6 7 4 11 3 16 3 21 4 26 6 30 8 33 11 35 15 37
20 38 21 37 23 37 26 37 29 36 33 34 36 31 38 27 39 22 39 16 38 11 36 7 33 4 29 2 24 1 18 1 13 2 9 4 6 7 4 11 3 16 3 21 4 26 6 30 8 33 11 35 15 38
20 38 21 37 23 37 26 37 29 36 33 34 36 31 38 27 39 22 39 16 38 11 36 7 33 4 29 2 24 1 18 1 13 2 9 4 6 7 4 11 3 16 3 21 4 26 6 30 9 33 12 35 15 36
20 38 21 37 23 37 26 37 29 36 33 34 36 31 38 27 39 22 39 16 38 11 36 7 33 4 29 2 24 1 18 1 13 2 9 4 6 7 4 11 3 16 3 21 4 26 6 30 9 33 12 35 15 37
20 38 21 37 23 37 26 37 29 36 33 34 36 31 38 27 39 22 39 16 38 11 36 7 33 4 29 2 24 1 18 1 13 2 9 4 6 7 4 11 3 16 3 21 4 26 6 30 9 33 12 35 16 37
20 38 21 37 23 37 26 37 29 36 33 34 36 31 38 27 39 22 39 16 38 11 36 7 33 4 29 2 24 1 18 1 13 2 9 4 6 7 4 11 3 16 3 21 4 26 6 30 9 33 12 35 15 38
20 38 21 37 23 37 26 37 29 36 33 34 36 31 38 27 39 22 39 16 38 11 36 7 33 4 29 2 24 1 18 1 13 2 9 4 6 7 4 11 3 16 3 21 4 26 6 30 9 33 12 35 16 38
20 38 21 37 23 37 26 37 29 36 33 34 36 31 38 27 39 22 39 16 38 11 36 7 33 4 29 2 24 1 18 1 13 2 9 4 6 7 4 11 3 16 3 21 4 26 6 30 9 33 13 35 16 37
20 38 21 37 23 37 26 37 29 36 33 34 36 31 38 27 39 22 39 16 38 11 36 7 33 4 29 2 24 1 18 1 13 2 9 4 6 7 4 11 3 16 3 21 4 26 6 30 9 33 13 35 17 37
20 38 21 37 23 37 26 37 29 36 33 34 36 31 38 27 39 22 39 16 38 11 36 7 33 4 29 2 24 1 18 1 13 2 9 4 6 7 4 11 3 16 3 21 4 26 6 30 9 33 13 35 16 38
20 38 21 37 23 37 26 37 29 36 33 34 36 31 38 27 39 22 39 16 38 11 36 7 33 4 29 2 24 1 18 1 13 2 9 4 6 7 4 11 3 16 3 21 4 26 6 30 9 33 13 35 17 38
20 38 21 37 23 37 26 37 29 36 33 34 36 31 38 27 39 22 39 16 38 11 36 7 33 4 29 2 24 1 18 1 13 2 9 4 6 7 4 11 3 16 3 21 4 26 6 30 9 33 13 35 18 38
20 38 21 37 23 37 26 37 29 36 33 34 36 31 38 27 39 22 39 16 38 11 36 7 33 4 29 2 24 1 18 1 13 2 9 4 6 7 4 11 3 16 3 22 4 27 5 31 7 34 10 36 14 39
20 38 21 37 23 37 26 37 29 36 33 34 36 31 38 27 39 22 39 16 38 11 36 7 33 4 29 2 24 1 18 1 13 2 9 4 6 7 4 11 3 16 3 22 4 27 6 31 8 34 11 36 15 37
20 38 21 37 23 37 26 37 29 36 33 34 36 31 38 27 39 22 39 16 38 11 36 7 33 4 29 2 24 1 18 1 13 2 9 4 6 7 4 11 3 16 3 22 4 27 6 31 8 34 11 36 15 38
20 38 21 37 23 37 26 37 29 36 33 34 36 31 38 27 39 22 39 16 38 11 36 7 33 4 29 2 24 1 18 1 13 2 9 4 6 7 4 11 3 16 3 22 4 27 6 31 8 34 11 36 14 39
20 38 21 37 23 37 26 37 29 36 33 34 36 31 38 27 39 22 39 16 38 11 36 7 33 4 29 2 24 1 18 1 13 2 9 4 6 7 4 11 3 16 3 22 4 27 6 31 8 34 11 36 15 39
20 38 21 37 23 37 26 37 29 36 33 34 36 31 38 27 39 22 39 16 38 11 36 7 33 4 29 2 24 1 18 1 13 2 9 4 6 7 4 11 3 16 3 22 4 27 6 31 9 34 11 36 14 39
20 38 21 37 23 37 26 37 29 36 33 34 36 31 38 27 39 22 39 16 38 11 36 7 33 4 29 2 24 1 18 1 13 2 9 4 6 7 4 11 3 16 3 22 4 27 6 31 9 34 12 36 15 37
20 38 21 37 23 37 26 37 29 36 33 34 36 31 38 27 39 22 39 16 38 11 36 7 33 4 29 2 24 1 18 1 13 2 9 4 6 7 4 11 3 16 3 22 4 27 6 31 9 34 12 36 16 37
20 38 21 37 23 37 26 37 29 36 33 34 36 31 38 27 39 22 39 16 38 11 36 7 33 4 29 2 24 1 18 1 13 2 9 4 6 7 4 11 3 16 3 22 4 27 6 31 9 34 12 36 15 38
20 38 21 37 23 37 26 37 29 36 33 34 36 31 38 27 39 22 39 16 38 11 36 7 33 4 29 2 24 1 18 1 13 2 9 4 6 7 4 11 3 16 3 22 4 27 6 31 9 34 12 36 16 38
20 38 21 37 23 37 26 37 29 36 33 34 36 31 38 27 39 22 39 16 38 11 36 7 33 4 29 2 24 1 18 1 13 2 9 4 6 7 4 11 3 16 3 22 4 27 6 31 9 34 12 36 14 39
20 38 21 37 23 37 26 37 29 36 33 34 36 31 38 27 39 22 39 16 38 11 36 7 33 4 29 2 24 1 18 1 13 2 9 4 6 7 4 11 3 16 3 22 4 27 6 31 9 34 12 36 15 39
20 38 21 37 23 37 26 37 29 36 33 34 36 31 38 27 39 22 39 16 38 11 36 7 33 4 29 2 24 1 18 1 13 2 9 4 6 7 4 11 3 16 3 22 4 27 6 31 9 34 12 36 16 39
20 38 21 37 23 37 26 37 29 36 33 34 36 31 38 27 39 22 39 16 38 11 36 7 33 4 29 2 24 1 18 1 13 2 9 4 6 7 4 11 3 16 3 22 4 27 6 31 9 34 13 36 16 37
20 38 21 37 23 37 26 37 29 36 33 34 36 31 38 27 39 22 39 16 38 11 36 7 33 4 29 2 24 1 18 1 13 2 9 4 6 7 4 11 3 16 3 22 4 27 6 31 9 34 13 36 17 37
20 38 21 37 23 37 26 37 29 36 33 34 36 31 38 27 39 22 39 16 38 11 36 7 33 4 29 2 24 1 18 1 13 2 9 4 6 7 4 11 3 16 3 22 4 27 6 31 9 34 13 36 18 37
20 38 21 37 23 37 26 37 29 36 33 34 36 31 38 27 39 22 39 16 38 11 36 7 33 4 29 2 24 1 18 1 13 2 9 4 6 7 4 11 3 16 3 22 4 27 6 31 9 34 13 36 16 38
20 38 21 37 23 37 26 37 29 36 33 34 36 31 38 27 39 22 39 16 38 11 36 7 33 4 29 2 24 1 18 1 13 2 9 4 6 7 4 11 3 16 3 22 4 27 6 31 9 34 13 36 17 38
20 38 21 37 23 37 26 37 29 36 33 34 36 31 38 27 39 22 39 16 38 11 36 7 33 4 29 2 24 1 18 1 13 2 9 4 6 7 4 11 3 16 3 22 4 27 6 31 9 34 13 36 18 38
20 38 21 37 23 37 26 37 29 36 33 34 36 31 38 27 39 22 39 16 38 11 36 7 33 4 29 2 24 1 18 1 13 2 9 4 6 7 4 11 3 16 3 22 4 27 6 31 9 34 13 36 16 39
20 38 21 37 23 37 26 37 29 36 33 34 36 31 38 27 39 22 39 16 38 11 36 7 33 4 29 2 24 1 18 1 13 2 9 4 6 7 4 11 3 16 3 22 4 27 6 31 9 34 13 36 17 39
20 38 21 37 23 37 26 37 29 36 33 34 36 31 38 27 39 22 39 16 38 11 36 7 33 4 29 2 24 1 18 1 13 2 9 4 6 7 4 11 3 16 3 22 4 27 6 31 9 34 13 36 18 39
20 38 21 37 23 37 26 37 29 36 33 34 36 31 38 27 39 22 39 17 38 12 36 8 33 5 29 3 24 2 18 2 13 3 9 5 6 8 4 12 3 17 3 22 4 26 6 29 8 31 11 34 15 36
20 38 21 37 23 37 26 37 29 36 33 34 36 31 38 27 39 22 39 17 38 12 36 8 33 5 29 3 24 2 18 2 13 3 9 5 6 8 4 12 3 17 3 22 4 26 6 29 8 31 11 34 15 37
20 38 21 37 23 37 26 37 29 36 33 34 36 31 38 27 39 22 39 17 38 12 36 8 33 5 29 3 24 2 18 2 13 3 9 5 6 8 4 12 3 17 3 22 4 26 6 29 8 31 11 34 15 38
20 38 21 37 23 37 26 37 29 36 33 34 36 31 38 27 39 22 39 17 38 12 36 8 33 5 29 3 24 2 18 2 13 3 9 5 6 8 4 12 3 17 3 23 4 28 5 32 7 35 10 37 14 39
20 38 21 37 23 37 26 37 29 36 33 34 36 31 38 27 39 22 39 17 38 12 36 8 33 5 29 3 24 2 18 2 13 3 9 5 6 8 4 12 3 17 3 23 4 28 6 32 8 35 11 37 15 38
20 38 21 37 23 37 26 37 29 36 33 34 36 31 38 27 39 22 39 17 38 12 36 8 33 5 29 3 24 2 18 2 13 3 9 5 6 8 4 12 3 17 3 23 4 28 6 32 8 35 11 37 14 39
20 38 21 37 23 37 26 37 29 36 33 34 36 31 38 27 39 22 39 17 38 12 36 8 33 5 29 3 24 2 18 2 13 3 9 5 6 8 4 12 3 17 3 23 4 28 6 32 8 35 11 37 15 39
20 38 21 37 23 37 26 37 29 36 33 34 36 31 38 27 39 22 39 17 38 12 36 8 33 5 29 3 24 2 18 2 13 3 9 5 6 8 4 12 3 17 3 23 4 28 6 32 9 35 11 37 14 39
20 38 21 37 23 37 26 37 29 36 33 34 36 31 38 27 39 22 39 17 38 12 36 8 33 5 29 3 24 2 18 2 13 3 9 5 6 8 4 12 3 17 3 23 4 28 6 32 9 35 12 37 15 38
20 38 21 37 23 37 26 37 29 36 33 34 36 31 38 27 39 22 39 17 38 12 36 8 33 5 29 3 24 2 18 2 13 3 9 5 6 8 4 12 3 17 3 23 4 28 6 32 9 35 12 37 16 38
20 38 21 37 23 37 26 37 29 36 33 34 36 31 38 27 39 22 39 17 38 12 36 8 33 5 29 3 24 2 18 2 13 3 9 5 6 8 4 12 3 17 3 23 4 28 6 32 9 35 12 37 14 39
20 38 21 37 23 37 26 37 29 36 33 34 36 31 38 27 39 22 39 17 38 12 36 8 33 5 29 3 24 2 18 2 13 3 9 5 6 8 4 12 3 17 3 23 4 28 6 32 9 35 12 37 15 39
20 38 21 37 23 37 26 37 29 36 33 34 36 31 38 27 39 22 39 17 38 12 36 8 33 5 29 3 24 2 18 2 13 3 9 5 6 8 4 12 3 17 3 23 4 28 6 32 9 35 12 37 16 39