100
18 2 19 1 21 1 23 1 26 1 30 1 33 2 35 4 36 6 36 9 36 12 35 14 33 15 30 15 26 14 21 14 16 15 11 16 7 17 4 17 2 16 1 14 1 11 2 7 4 4 7 2 11 1 16 1
18 2 19 1 21 1 24 1 28 1 32 1 35 2 37 4 38 6 38 9 37 12 35 14 32 15 28 15 23 15 17 15 12 16 8 17 5 17 3 16 2 14 1 11 1 7 2 4 4 2 7 1 11 1 16 1
18 2 19 1 21 1 24 1 28 1 32 1 35 2 37 4 38 6 38 9 37 12 35 14 32 15 28 15 23 15 17 15 12 16 8 17 5 17 3 16 2 14 1 11 1 7 2 4 4 2 7 1 11 1 16 2
18 2 19 1 21 1 24 1 28 1 32 1 35 2 37 4 38 6 38 9 37 12 35 14 32 15 28 15 23 15 17 15 12 16 8 17 5 17 3 16 2 14 1 11 1 8 2 5 4 3 7 2 11 2 16 1
18 2 19 1 21 1 24 1 28 1 32 1 35 2 37 4 38 6 38 9 37 12 35 14 32 15 28 15 23 15 17 15 12 16 8 17 5 17 3 16 2 14 1 11 1 8 2 5 4 3 7 2 11 2 16 2
18 2 19 1 21 1 24 1 28 1 32 1 35 2 37 4 38 6 38 9 37 12 35 14 32 15 28 15 23 15 17 15 12 16 8 17 5 17 3 16 2 14 1 11 1 8 2 5 4 3 7 2 11 2 16 3
18 2 19 1 21 1 24 1 28 1 32 1 35 2 37 4 38 6 38 9 37 12 35 14 32 15 28 15 23 15 17 15 12 16 8 17 5 17 3 16 2 14 1 11 1 8 2 6 4 4 7 3 11 2 16 1
18 2 19 1 21 1 24 1 28 1 32 1 35 2 37 4 38 6 38 9 37 12 35 14 32 15 28 15 23 15 17 15 12 16 8 17 5 17 3 16 2 14 1 11 1 8 2 6 4 4 7 3 11 2 16 2
18 2 19 1 21 1 24 1 28 1 32 1 35 2 37 4 38 6 38 9 37 12 35 14 32 15 28 15 23 15 17 15 12 16 8 17 5 17 3 16 2 14 1 11 1 8 2 6 4 4 7 3 11 3 16 2
18 2 19 1 21 1 24 1 28 1 32 1 35 2 37 4 38 6 38 9 37 12 35 14 32 15 28 15 23 15 17 15 12 16 8 17 5 17 3 16 2 14 1 11 1 8 2 6 4 4 7 3 11 3 16 3
18 2 19 1 21 1 24 1 28 1 32 1 35 2 37 4 38 6 38 9 37 12 35 14 32 15 28 15 23 15 17 15 12 16 8 17 5 17 3 16 2 14 1 11 1 8 2 6 4 4 7 3 11 3 16 4
18 2 19 1 21 1 24 1 28 1 32 1 35 2 37 4 38 6 38 9 37 12 35 14 32 15 28 15 23 15 17 15 12 16 8 17 5 17 3 16 2 14 2 11 2 7 3 4 5 2 8 1 12 1 16 1
18 2 19 1 21 1 24 1 28 1 32 1 35 2 37 4 38 6 38 9 37 12 35 14 32 15 28 15 23 15 17 15 12 16 8 17 5 17 3 16 2 14 2 11 2 7 3 4 5 2 8 1 12 1 17 1
18 2 19 1 21 1 24 1 28 1 32 1 35 2 37 4 38 6 38 9 37 12 35 14 32 15 28 15 23 15 17 15 12 16 8 17 5 17 3 16 2 14 2 11 2 7 3 4 5 2 8 1 12 1 16 2
18 2 19 1 21 1 24 1 28 1 32 1 35 2 37 4 38 6 38 9 37 12 35 14 32 15 28 15 23 15 17 15 12 16 8 17 5 17 3 16 2 14 2 11 2 7 3 4 5 2 8 1 12 1 17 2
18 2 19 1 21 1 24 1 28 1 32 1 35 2 37 4 38 6 38 9 37 12 35 14 32 15 28 15 23 15 17 15 12 16 8 17 5 17 3 16 2 14 2 11 3 7 4 4 6 2 9 1 12 1 16 1
18 2 19 1 21 1 24 1 28 1 32 1 35 2 37 4 38 6 38 9 37 12 35 14 32 15 28 15 23 15 17 15 12 16 8 17 5 17 3 16 2 14 2 11 3 7 4 4 6 2 9 1 12 1 16 2
18 2 19 1 21 1 24 1 28 1 32 1 35 2 37 4 38 6 38 9 37 12 35 14 32 15 28 15 23 15 17 15 12 16 8 17 5 17 3 16 2 14 2 11 3 7 4 4 6 2 9 1 13 1 16 1
18 2 19 1 21 1 24 1 28 1 32 1 35 2 37 4 38 6 38 9 37 12 35 14 32 15 28 15 23 15 17 15 12 16 8 17 5 17 3 16 2 14 2 11 3 7 4 4 6 2 9 1 13 1 17 1
18 2 19 1 21 1 24 1 28 1 32 1 35 2 37 4 38 6 38 9 37 12 35 14 32 15 28 15 23 15 17 15 12 16 8 17 5 17 3 16 2 14 2 11 3 7 4 4 6 2 9 1 13 1 18 1
18 2 19 1 21 1 24 1 28 1 32 1 35 2 37 4 38 6 38 9 37 12 35 14 32 15 28 15 23 15 17 15 12 16 8 17 5 17 3 16 2 14 2 11 3 7 4 4 6 2 9 1 13 1 16 2
18 2 19 1 21 1 24 1 28 1 32 1 35 2 37 4 38 6 38 9 37 12 35 14 32 15 28 15 23 15 17 15 12 16 8 17 5 17 3 16 2 14 2 11 3 7 4 4 6 2 9 1 13 1 17 2
18 2 19 1 21 1 24 1 28 1 32 1 35 2 37 4 38 6 38 9 37 12 35 14 32 15 28 15 23 15 17 15 12 16 8 17 5 17 3 16 2 14 2 11 3 7 4 4 6 2 9 1 13 1 18 2
18 2 19 1 21 1 24 1 28 1 32 1 35 2 37 4 38 6 38 9 37 12 35 14 32 15 28 15 23 15 17 15 12 16 8 17 5 17 3 16 2 14 2 11 2 8 3 5 5 3 8 2 12 1 16 1
18 2 19 1 21 1 24 1 28 1 32 1 35 2 37 4 38 6 38 9 37 12 35 14 32 15 28 15 23 15 17 15 12 16 8 17 5 17 3 16 2 14 2 11 2 8 3 5 5 3 8 2 12 1 17 1
18 2 19 1 21 1 24 1 28 1 32 1 35 2 37 4 38 6 38 9 37 12 35 14 32 15 28 15 23 15 17 15 12 16 8 17 5 17 3 16 2 14 2 11 2 8 3 5 5 3 8 2 12 2 16 1
18 2 19 1 21 1 24 1 28 1 32 1 35 2 37 4 38 6 38 9 37 12 35 14 32 15 28 15 23 15 17 15 12 16 8 17 5 17 3 16 2 14 2 11 2 8 3 5 5 3 8 2 12 2 17 1
18 2 19 1 21 1 24 1 28 1 32 1 35 2 37 4 38 6 38 9 37 12 35 14 32 15 28 15 23 15 17 15 12 16 8 17 5 17 3 16 2 14 2 11 2 8 3 5 5 3 8 2 12 2 16 2
18 2 19 1 21 1 24 1 28 1 32 1 35 2 37 4 38 6 38 9 37 12 35 14 32 15 28 15 23 15 17 15 12 16 8 17 5 17 3 16 2 14 2 11 2 8 3 5 5 3 8 2 12 2 17 2
18 2 19 1 21 1 24 1 28 1 32 1 35 2 37 4 38 6 38 9 37 12 35 14 32 15 28 15 23 15 17 15 12 16 8 17 5 17 3 16 2 14 2 11 2 8 3 5 5 3 8 2 12 2 16 3
18 2 19 1 21 1 24 1 28 1 32 1 35 2 37 4 38 6 38 9 37 12 35 14 32 15 28 15 23 15 17 15 12 16 8 17 5 17 3 16 2 14 2 11 2 8 3 5 5 3 8 2 12 2 17 3
18 2 19 1 21 1 23 1 26 1 30 1 33 2 35 4 36 6 36 9 36 12 35 14 33 15 30 15 26 14 21 14 16 15 11 16 7 17 4 17 2 16 1 14 1 11 2 7 4 4 7 2 10 1 13 1 16 1
18 2 19 1 21 1 23 1 26 1 30 1 33 2 35 4 36 6 36 9 36 12 35 14 33 15 30 15 26 14 21 14 16 15 11 16 7 17 4 17 2 16 1 14 1 11 2 7 4 4 7 2 10 1 13 1 17 1
18 2 19 1 21 1 23 1 26 1 30 1 33 2 35 4 36 6 36 9 36 12 35 14 33 15 30 15 26 14 21 14 16 15 11 16 7 17 4 17 2 16 1 14 1 11 2 7 4 4 7 2 10 1 13 1 16 2
18 2 19 1 21 1 23 1 26 1 30 1 33 2 35 4 36 6 36 9 36 12 35 14 33 15 30 15 26 14 21 14 16 15 11 16 7 17 4 17 2 16 1 14 1 11 2 7 4 4 7 2 10 1 13 1 17 2
18 2 19 1 21 1 23 1 26 1 30 1 33 2 35 4 36 6 36 9 36 12 35 14 33 15 30 15 26 14 21 14 16 15 11 16 7 17 4 17 2 16 1 14 1 11 2 7 4 4 7 2 10 1 14 1 17 1
18 2 19 1 21 1 23 1 26 1 30 1 33 2 35 4 36 6 36 9 36 12 35 14 33 15 30 15 26 14 21 14 16 15 11 16 7 17 4 17 2 16 1 14 1 11 2 7 4 4 7 2 10 1 14 1 18 1
18 2 19 1 21 1 23 1 26 1 30 1 33 2 35 4 36 6 36 9 36 12 35 14 33 15 30 15 26 14 21 14 16 15 11 16 7 17 4 17 2 16 1 14 1 11 2 7 4 4 7 2 10 1 14 1 19 1
18 2 19 1 21 1 23 1 26 1 30 1 33 2 35 4 36 6 36 9 36 12 35 14 33 15 30 15 26 14 21 14 16 15 11 16 7 17 4 17 2 16 1 14 1 11 2 7 4 4 7 2 10 1 14 1 17 2
18 2 19 1 21 1 23 1 26 1 30 1 33 2 35 4 36 6 36 9 36 12 35 14 33 15 30 15 26 14 21 14 16 15 11 16 7 17 4 17 2 16 1 14 1 11 2 7 4 4 7 2 10 1 14 1 18 2
18 2 19 1 21 1 23 1 26 1 30 1 33 2 35 4 36 6 36 9 36 12 35 14 33 15 30 15 26 14 21 14 16 15 11 16 7 17 4 17 2 16 1 14 1 11 2 7 4 4 7 2 10 1 14 1 19 2
18 2 19 1 21 1 23 1 26 1 30 1 33 2 35 4 36 6 36 9 36 12 35 14 33 15 30 15 26 14 21 14 16 15 11 16 7 17 4 17 2 16 1 14 1 11 2 7 4 4 7 2 11 1 14 1 16 1
18 2 19 1 21 1 23 1 26 1 30 1 33 2 35 4 36 6 36 9 36 12 35 14 33 15 30 15 26 14 21 14 16 15 11 16 7 17 4 17 2 16 1 14 1 11 2 7 4 4 7 2 11 1 14 1 17 1
18 2 19 1 21 1 23 1 26 1 30 1 33 2 35 4 36 6 36 9 36 12 35 14 33 15 30 15 26 14 21 14 16 15 11 16 7 17 4 17 2 16 1 14 1 11 2 7 4 4 7 2 11 1 14 1 18 1
18 2 19 1 21 1 23 1 26 1 30 1 33 2 35 4 36 6 36 9 36 12 35 14 33 15 30 15 26 14 21 14 16 15 11 16 7 17 4 17 2 16 1 14 1 11 2 7 4 4 7 2 11 1 14 1 16 2
18 2 19 1 21 1 23 1 26 1 30 1 33 2 35 4 36 6 36 9 36 12 35 14 33 15 30 15 26 14 21 14 16 15 11 16 7 17 4 17 2 16 1 14 1 11 2 7 4 4 7 2 11 1 14 1 17 2
18 2 19 1 21 1 23 1 26 1 30 1 33 2 35 4 36 6 36 9 36 12 35 14 33 15 30 15 26 14 21 14 16 15 11 16 7 17 4 17 2 16 1 14 1 11 2 7 4 4 7 2 11 1 14 1 18 2
18 2 19 1 21 1 23 1 26 1 30 1 33 2 35 4 36 6 36 9 36 12 35 14 33 15 30 15 26 14 21 14 16 15 11 16 7 17 4 17 2 16 1 14 1 11 2 7 4 4 7 2 11 1 15 1 18 1
18 2 19 1 21 1 23 1 26 1 30 1 33 2 35 4 36 6 36 9 36 12 35 14 33 15 30 15 26 14 21 14 16 15 11 16 7 17 4 17 2 16 1 14 1 11 2 7 4 4 7 2 11 1 15 1 19 1
18 2 19 1 21 1 23 1 26 1 30 1 33 2 35 4 36 6 36 9 36 12 35 14 33 15 30 15 26 14 21 14 16 15 11 16 7 17 4 17 2 16 1 14 1 11 2 7 4 4 7 2 11 1 15 1 20 1
18 2 19 1 21 1 23 1 26 1 30 1 33 2 35 4 36 6 36 9 36 12 35 14 33 15 30 15 26 14 21 14 16 15 11 16 7 17 4 17 2 16 1 14 1 11 2 7 4 4 7 2 11 1 15 1 18 2
18 2 19 1 21 1 23 1 26 1 30 1 33 2 35 4 36 6 36 9 36 12 35 14 33 15 30 15 26 14 21 14 16 15 11 16 7 17 4 17 2 16 1 14 1 11 2 7 4 4 7 2 11 1 15 1 19 2
18 2 19 1 21 1 23 1 26 1 30 1 33 2 35 4 36 6 36 9 36 12 35 14 33 15 30 15 26 14 21 14 16 15 11 16 7 17 4 17 2 16 1 14 1 11 2 7 4 4 7 2 11 1 15 1 20 2
18 2 19 1 21 1 24 1 28 1 32 1 35 2 37 4 38 6 38 9 37 12 35 14 32 15 28 15 23 15 17 15 12 16 8 17 5 17 3 16 2 14 1 11 1 7 1 4 2 2 4 1 7 1 11 2 16 2
18 2 19 1 21 1 24 1 28 1 32 1 35 2 37 4 38 6 38 9 37 12 35 14 32 15 28 15 23 15 17 15 12 16 8 17 5 17 3 16 2 14 1 11 1 7 1 4 2 2 4 1 7 1 11 2 16 3
18 2 19 1 21 1 24 1 28 1 32 1 35 2 37 4 38 6 38 9 37 12 35 14 32 15 28 15 23 15 17 15 12 16 8 17 5 17 3 16 2 14 1 11 1 7 1 4 2 2 4 1 7 1 11 2 16 4
18 2 19 1 21 1 24 1 28 1 32 1 35 2 37 4 38 6 38 9 37 12 35 14 32 15 28 15 23 15 17 15 12 16 8 17 5 17 3 16 2 14 1 11 1 7 2 4 3 2 5 1 8 1 12 2 16 2
18 2 19 1 21 1 24 1 28 1 32 1 35 2 37 4 38 6 38 9 37 12 35 14 32 15 28 15 23 15 17 15 12 16 8 17 5 17 3 16 2 14 1 11 1 7 2 4 3 2 5 1 8 1 12 2 17 2
18 2 19 1 21 1 24 1 28 1 32 1 35 2 37 4 38 6 38 9 37 12 35 14 32 15 28 15 23 15 17 15 12 16 8 17 5 17 3 16 2 14 1 11 1 7 2 4 3 2 5 1 8 1 12 2 16 3
18 2 19 1 21 1 24 1 28 1 32 1 35 2 37 4 38 6 38 9 37 12 35 14 32 15 28 15 23 15 17 15 12 16 8 17 5 17 3 16 2 14 1 11 1 7 2 4 3 2 5 1 8 1 12 2 17 3
18 2 19 1 21 1 24 1 28 1 32 1 35 2 37 4 38 6 38 9 37 12 35 14 32 15 28 15 23 15 17 15 12 16 8 17 5 17 3 16 2 14 1 11 1 7 2 4 3 2 5 1 8 1 12 2 16 4
18 2 19 1 21 1 24 1 28 1 32 1 35 2 37 4 38 6 38 9 37 12 35 14 32 15 28 15 23 15 17 15 12 16 8 17 5 17 3 16 2 14 1 11 1 7 2 4 3 2 5 1 8 1 12 2 17 4
18 2 19 1 21 1 24 1 28 1 32 1 35 2 37 4 38 6 38 9 37 12 35 14 32 15 28 15 23 15 17 15 12 16 8 17 5 17 3 16 2 14 1 11 1 7 2 4 4 2 6 1 9 1 12 2 16 2
18 2 19 1 21 1 24 1 28 1 32 1 35 2 37 4 38 6 38 9 37 12 35 14 32 15 28 15 23 15 17 15 12 16 8 17 5 17 3 16 2 14 1 11 1 7 2 4 4 2 6 1 9 1 12 2 16 3
18 2 19 1 21 1 24 1 28 1 32 1 35 2 37 4 38 6 38 9 37 12 35 14 32 15 28 15 23 15 17 15 12 16 8 17 5 17 3 16 2 14 1 11 1 7 2 4 4 2 6 1 9 1 12 2 16 4
18 2 19 1 21 1 24 1 28 1 32 1 35 2 37 4 38 6 38 9 37 12 35 14 32 15 28 15 23 15 17 15 12 16 8 17 5 17 3 16 2 14 1 11 1 7 2 4 4 2 6 1 9 1 13 2 16 2
18 2 19 1 21 1 24 1 28 1 32 1 35 2 37 4 38 6 38 9 37 12 35 14 32 15 28 15 23 15 17 15 12 16 8 17 5 17 3 16 2 14 1 11 1 7 2 4 4 2 6 1 9 1 13 2 17 2
18 2 19 1 21 1 24 1 28 1 32 1 35 2 37 4 38 6 38 9 37 12 35 14 32 15 28 15 23 15 17 15 12 16 8 17 5 17 3 16 2 14 1 11 1 7 2 4 4 2 6 1 9 1 13 2 18 2
18 2 19 1 21 1 24 1 28 1 32 1 35 2 37 4 38 6 38 9 37 12 35 14 32 15 28 15 23 15 17 15 12 16 8 17 5 17 3 16 2 14 1 11 1 7 2 4 4 2 6 1 9 1 13 2 16 3
18 2 19 1 21 1 24 1 28 1 32 1 35 2 37 4 38 6 38 9 37 12 35 14 32 15 28 15 23 15 17 15 12 16 8 17 5 17 3 16 2 14 1 11 1 7 2 4 4 2 6 1 9 1 13 2 17 3
18 2 19 1 21 1 24 1 28 1 32 1 35 2 37 4 38 6 38 9 37 12 35 14 32 15 28 15 23 15 17 15 12 16 8 17 5 17 3 16 2 14 1 11 1 7 2 4 4 2 6 1 9 1 13 2 18 3
18 2 19 1 21 1 24 1 28 1 32 1 35 2 37 4 38 6 38 9 37 12 35 14 32 15 28 15 23 15 17 15 12 16 8 17 5 17 3 16 2 14 1 11 1 7 2 4 4 2 6 1 9 1 13 2 16 4
18 2 19 1 21 1 24 1 28 1 32 1 35 2 37 4 38 6 38 9 37 12 35 14 32 15 28 15 23 15 17 15 12 16 8 17 5 17 3 16 2 14 1 11 1 7 2 4 4 2 6 1 9 1 13 2 17 4
18 2 19 1 21 1 24 1 28 1 32 1 35 2 37 4 38 6 38 9 37 12 35 14 32 15 28 15 23 15 17 15 12 16 8 17 5 17 3 16 2 14 1 11 1 7 2 4 4 2 6 1 9 1 13 2 18 4
18 2 19 1 21 1 24 1 28 1 32 1 35 2 37 4 38 6 38 9 37 12 35 14 32 15 28 15 23 15 17 15 12 16 8 17 5 17 3 16 2 14 1 11 1 7 2 4 4 2 7 1 10 1 13 2 16 2
18 2 19 1 21 1 24 1 28 1 32 1 35 2 37 4 38 6 38 9 37 12 35 14 32 15 28 15 23 15 17 15 12 16 8 17 5 17 3 16 2 14 1 11 1 7 2 4 4 2 7 1 10 1 13 2 17 2
18 2 19 1 21 1 24 1 28 1 32 1 35 2 37 4 38 6 38 9 37 12 35 14 32 15 28 15 23 15 17 15 12 16 8 17 5 17 3 16 2 14 1 11 1 7 2 4 4 2 7 1 10 1 13 2 16 3
18 2 19 1 21 1 24 1 28 1 32 1 35 2 37 4 38 6 38 9 37 12 35 14 32 15 28 15 23 15 17 15 12 16 8 17 5 17 3 16 2 14 1 11 1 7 2 4 4 2 7 1 10 1 13 2 17 3
18 2 19 1 21 1 24 1 28 1 32 1 35 2 37 4 38 6 38 9 37 12 35 14 32 15 28 15 23 15 17 15 12 16 8 17 5 17 3 16 2 14 1 11 1 7 2 4 4 2 7 1 10 1 13 2 16 4
18 2 19 1 21 1 24 1 28 1 32 1 35 2 37 4 38 6 38 9 37 12 35 14 32 15 28 15 23 15 17 15 12 16 8 17 5 17 3 16 2 14 1 11 1 7 2 4 4 2 7 1 10 1 13 2 17 4
18 2 19 1 21 1 24 1 28 1 32 1 35 2 37 4 38 6 38 9 37 12 35 14 32 15 28 15 23 15 17 15 12 16 8 17 5 17 3 16 2 14 1 11 1 7 2 4 4 2 7 1 10 1 14 2 17 2
18 2 19 1 21 1 24 1 28 1 32 1 35 2 37 4 38 6 38 9 37 12 35 14 32 15 28 15 23 15 17 15 12 16 8 17 5 17 3 16 2 14 1 11 1 7 2 4 4 2 7 1 10 1 14 2 18 2
18 2 19 1 21 1 24 1 28 1 32 1 35 2 37 4 38 6 38 9 37 12 35 14 32 15 28 15 23 15 17 15 12 16 8 17 5 17 3 16 2 14 1 11 1 7 2 4 4 2 7 1 10 1 14 2 19 2
18 2 19 1 21 1 24 1 28 1 32 1 35 2 37 4 38 6 38 9 37 12 35 14 32 15 28 15 23 15 17 15 12 16 8 17 5 17 3 16 2 14 1 11 1 7 2 4 4 2 7 1 10 1 14 2 17 3
18 2 19 1 21 1 24 1 28 1 32 1 35 2 37 4 38 6 38 9 37 12 35 14 32 15 28 15 23 15 17 15 12 16 8 17 5 17 3 16 2 14 1 11 1 7 2 4 4 2 7 1 10 1 14 2 18 3
18 2 19 1 21 1 24 1 28 1 32 1 35 2 37 4 38 6 38 9 37 12 35 14 32 15 28 15 23 15 17 15 12 16 8 17 5 17 3 16 2 14 1 11 1 7 2 4 4 2 7 1 10 1 14 2 19 3
18 2 19 1 21 1 24 1 28 1 32 1 35 2 37 4 38 6 38 9 37 12 35 14 32 15 28 15 23 15 17 15 12 16 8 17 5 17 3 16 2 14 1 11 1 7 2 4 4 2 7 1 10 1 14 2 17 4
18 2 19 1 21 1 24 1 28 1 32 1 35 2 37 4 38 6 38 9 37 12 35 14 32 15 28 15 23 15 17 15 12 16 8 17 5 17 3 16 2 14 1 11 1 7 2 4 4 2 7 1 10 1 14 2 18 4
18 2 19 1 21 1 24 1 28 1 32 1 35 2 37 4 38 6 38 9 37 12 35 14 32 15 28 15 23 15 17 15 12 16 8 17 5 17 3 16 2 14 1 11 1 7 2 4 4 2 7 1 10 1 14 2 19 4
18 2 19 1 21 1 24 1 28 1 32 1 35 2 37 4 38 6 38 9 37 12 35 14 32 15 28 15 23 15 17 15 12 16 8 17 5 17 3 16 2 14 1 11 1 7 2 4 4 2 7 1 11 1 14 2 16 2
18 2 19 1 21 1 24 1 28 1 32 1 35 2 37 4 38 6 38 9 37 12 35 14 32 15 28 15 23 15 17 15 12 16 8 17 5 17 3 16 2 14 1 11 1 7 2 4 4 2 7 1 11 1 14 2 17 2
18 2 19 1 21 1 24 1 28 1 32 1 35 2 37 4 38 6 38 9 37 12 35 14 32 15 28 15 23 15 17 15 12 16 8 17 5 17 3 16 2 14 1 11 1 7 2 4 4 2 7 1 11 1 14 2 18 2
18 2 19 1 21 1 24 1 28 1 32 1 35 2 37 4 38 6 38 9 37 12 35 14 32 15 28 15 23 15 17 15 12 16 8 17 5 17 3 16 2 14 1 11 1 7 2 4 4 2 7 1 11 1 14 2 16 3
18 2 19 1 21 1 24 1 28 1 32 1 35 2 37 4 38 6 38 9 37 12 35 14 32 15 28 15 23 15 17 15 12 16 8 17 5 17 3 16 2 14 1 11 1 7 2 4 4 2 7 1 11 1 14 2 17 3
18 2 19 1 21 1 24 1 28 1 32 1 35 2 37 4 38 6 38 9 37 12 35 14 32 15 28 15 23 15 17 15 12 16 8 17 5 17 3 16 2 14 1 11 1 7 2 4 4 2 7 1 11 1 14 2 18 3
18 2 19 1 21 1 24 1 28 1 32 1 35 2 37 4 38 6 38 9 37 12 35 14 32 15 28 15 23 15 17 15 12 16 8 17 5 17 3 16 2 14 1 11 1 7 2 4 4 2 7 1 11 1 14 2 16 4
18 2 19 1 21 1 24 1 28 1 32 1 35 2 37 4 38 6 38 9 37 12 35 14 32 15 28 15 23 15 17 15 12 16 8 17 5 17 3 16 2 14 1 11 1 7 2 4 4 2 7 1 11 1 14 2 17 4
18 2 19 1 21 1 24 1 28 1 32 1 35 2 37 4 38 6 38 9 37 12 35 14 32 15 28 15 23 15 17 15 12 16 8 17 5 17 3 16 2 14 1 11 1 7 2 4 4 2 7 1 11 1 14 2 18 4
18 2 19 1 21 1 24 1 28 1 32 1 35 2 37 4 38 6 38 9 37 12 35 14 32 15 28 15 23 15 17 15 12 16 8 17 5 17 3 16 2 14 1 11 1 7 2 4 4 2 7 1 11 1 15 2 18 2
18 2 19 1 21 1 24 1 28 1 32 1 35 2 37 4 38 6 38 9 37 12 35 14 32 15 28 15 23 15 17 15 12 16 8 17 5 17 3 16 2 14 1 11 1 7 2 4 4 2 7 1 11 1 15 2 19 2