100
3 19 3 18 4 16 6 15 8 15 11 16 14 18 17 21 21 23 26 24 30 24 33 23 35 21 36 18 36 15 35 13 33 12 30 12 26 13 23 14 21 16 19 19 16 21 12 22 7 22 2 21
3 19 3 18 4 16 6 15 8 15 11 16 14 18 18 21 23 23 27 24 30 24 32 23 34 21 35 18 35 15 34 13 32 12 29 12 26 13 24 14 22 16 20 19 17 21 13 22 8 22 2 21
3 19 3 18 4 16 6 15 8 15 11 16 14 18 17 21 21 23 26 24 30 24 33 23 35 21 36 18 36 15 35 13 33 12 30 12 26 13 22 14 19 16 16 19 14 21 12 22 9 22 5 22 2 21
3 19 3 18 4 16 6 15 8 15 11 16 14 18 17 21 21 23 26 24 30 24 33 23 35 21 36 18 36 15 35 13 33 12 30 12 26 13 22 14 19 16 16 19 14 21 12 22 9 22 6 22 2 21
3 19 3 18 4 16 6 15 8 15 11 16 14 18 17 21 21 23 26 24 30 24 33 23 35 21 36 18 36 15 35 13 33 12 30 12 26 13 22 14 19 16 17 19 15 21 12 22 8 22 4 21 1 19
3 19 3 18 4 16 6 15 8 15 11 16 14 18 17 21 21 23 26 24 30 24 33 23 35 21 36 18 36 15 35 13 33 12 30 12 26 13 22 14 19 16 17 19 15 21 12 22 8 22 4 21 1 20
3 19 3 18 4 16 6 15 8 15 11 16 14 18 17 21 21 23 26 24 30 24 33 23 35 21 36 18 36 15 35 13 33 12 30 12 26 13 22 14 19 16 17 19 15 21 12 22 8 22 4 21 1 21
3 19 3 18 4 16 6 15 8 15 11 16 14 18 17 21 21 23 26 24 30 24 33 23 35 21 36 18 36 15 35 13 33 12 30 12 26 13 22 14 19 16 17 19 15 21 12 22 8 22 5 21 1 19
3 19 3 18 4 16 6 15 8 15 11 16 14 18 17 21 21 23 26 24 30 24 33 23 35 21 36 18 36 15 35 13 33 12 30 12 26 13 22 14 19 16 17 19 15 21 12 22 8 22 5 21 2 19
3 19 3 18 4 16 6 15 8 15 11 16 14 18 17 21 21 23 26 24 30 24 33 23 35 21 36 18 36 15 35 13 33 12 30 12 26 13 22 14 19 16 17 19 15 21 12 22 8 22 5 21 3 19
3 19 3 18 4 16 6 15 8 15 11 16 14 18 17 21 21 23 26 24 30 24 33 23 35 21 36 18 36 15 35 13 33 12 30 12 26 13 22 14 19 16 17 19 15 21 12 22 8 22 5 21 1 20
3 19 3 18 4 16 6 15 8 15 11 16 14 18 17 21 21 23 26 24 30 24 33 23 35 21 36 18 36 15 35 13 33 12 30 12 26 13 22 14 19 16 17 19 15 21 12 22 8 22 5 21 2 20
3 19 3 18 4 16 6 15 8 15 11 16 14 18 17 21 21 23 26 24 30 24 33 23 35 21 36 18 36 15 35 13 33 12 30 12 26 13 22 14 19 16 17 19 15 21 12 22 8 22 5 21 3 20
3 19 3 18 4 16 6 15 8 15 11 16 14 18 17 21 21 23 26 24 30 24 33 23 35 21 36 18 36 15 35 13 33 12 30 12 26 13 22 14 19 16 17 19 15 21 12 22 8 22 5 21 1 21
3 19 3 18 4 16 6 15 8 15 11 16 14 18 17 21 21 23 26 24 30 24 33 23 35 21 36 18 36 15 35 13 33 12 30 12 26 13 22 14 19 16 17 19 15 21 12 22 8 22 5 21 2 21
3 19 3 18 4 16 6 15 8 15 11 16 14 18 17 21 21 23 26 24 30 24 33 23 35 21 36 18 36 15 35 13 33 12 30 12 26 13 22 14 19 16 17 19 15 21 12 22 8 22 5 22 2 21
3 19 3 18 4 16 6 15 8 15 11 16 14 18 17 21 21 23 26 24 30 24 33 23 35 21 36 18 36 15 35 13 33 12 30 12 26 13 22 14 19 16 17 19 15 21 13 22 10 22 6 22 2 21
3 19 3 18 4 16 6 15 8 15 11 16 14 18 17 21 21 23 26 24 30 24 33 23 35 21 36 18 36 15 35 13 33 12 30 12 26 13 22 14 19 16 17 19 16 21 14 22 11 22 7 22 2 21
3 19 3 18 4 16 6 15 8 15 11 16 14 18 17 21 21 23 26 24 30 24 33 23 35 21 36 18 36 15 35 13 33 12 30 12 26 13 23 14 21 16 20 19 18 21 15 22 11 22 6 22 2 21
3 19 3 18 4 16 6 15 8 15 11 16 14 18 17 21 21 23 26 24 30 24 33 23 35 21 36 18 36 15 35 13 33 12 30 12 26 13 21 15 17 17 14 20 12 22 9 23 6 23 3 22 1 20
3 19 3 18 4 16 6 15 8 15 11 16 14 18 17 21 21 23 26 24 30 24 33 23 35 21 36 18 36 15 35 13 33 12 30 12 26 13 21 15 17 17 14 20 12 22 9 23 6 23 4 22 1 20
3 19 3 18 4 16 6 15 8 15 11 16 14 18 17 21 21 23 26 24 30 24 33 23 35 21 36 18 36 15 35 13 33 12 30 12 26 13 21 15 17 17 14 20 12 22 9 23 6 23 4 22 2 20
3 19 3 18 4 16 6 15 8 15 11 16 14 18 17 21 21 23 26 24 30 24 33 23 35 21 36 18 36 15 35 13 33 12 30 12 26 13 21 15 17 17 14 20 12 22 9 23 6 23 4 22 3 20
3 19 3 18 4 16 6 15 8 15 11 16 14 18 17 21 21 23 26 24 30 24 33 23 35 21 36 18 36 15 35 13 33 12 30 12 26 13 21 15 17 17 14 20 12 22 9 23 6 23 4 22 2 21
3 19 3 18 4 16 6 15 8 15 11 16 14 18 17 21 21 23 26 24 30 24 33 23 35 21 36 18 36 15 35 13 33 12 30 12 26 13 21 15 17 17 14 20 12 22 9 23 7 23 4 22 1 20
3 19 3 18 4 16 6 15 8 15 11 16 14 18 17 21 21 23 26 24 30 24 33 23 35 21 36 18 36 15 35 13 33 12 30 12 26 13 21 15 17 17 14 20 12 22 9 23 7 23 4 22 2 20
3 19 3 18 4 16 6 15 8 15 11 16 14 18 17 21 21 23 26 24 30 24 33 23 35 21 36 18 36 15 35 13 33 12 30 12 26 13 21 15 17 17 14 20 12 22 9 23 7 23 4 22 2 21
3 19 3 18 4 16 6 15 8 15 11 16 14 18 17 21 21 23 26 24 30 24 33 23 35 21 36 18 36 15 35 13 33 12 30 12 26 13 21 15 17 17 14 20 12 22 9 23 7 23 5 22 2 20
3 19 3 18 4 16 6 15 8 15 11 16 14 18 17 21 21 23 26 24 30 24 33 23 35 21 36 18 36 15 35 13 33 12 30 12 26 13 21 15 17 17 14 20 12 22 9 23 7 23 5 22 3 20
3 19 3 18 4 16 6 15 8 15 11 16 14 18 17 21 21 23 26 24 30 24 33 23 35 21 36 18 36 15 35 13 33 12 30 12 26 13 21 15 17 17 14 20 12 22 9 23 7 23 5 22 4 20
3 19 3 18 4 16 6 15 8 15 11 16 14 18 17 21 21 23 26 24 30 24 33 23 35 21 36 18 36 15 35 13 33 12 30 12 26 13 21 15 17 17 14 20 12 22 9 23 7 23 5 22 2 21
3 19 3 18 4 16 6 15 8 15 11 16 14 18 17 21 21 23 26 24 30 24 33 23 35 21 36 18 36 15 35 13 33 12 30 12 26 13 21 15 17 17 14 20 12 22 9 23 7 23 6 22 4 20
3 19 3 18 4 16 6 15 8 15 11 16 14 18 17 21 21 23 26 24 30 24 33 23 35 21 36 18 36 15 35 13 33 12 30 12 26 13 21 15 17 17 14 20 12 22 9 23 7 23 6 22 5 20
3 19 3 18 4 16 6 15 8 15 11 16 14 18 17 21 21 23 26 24 30 24 33 23 35 21 36 18 36 15 35 13 33 12 30 12 26 13 21 15 17 17 14 20 12 22 9 23 7 23 6 22 6 20
3 19 3 18 4 16 6 15 8 15 11 16 14 18 17 21 21 23 26 24 30 24 33 23 35 21 36 18 36 15 35 13 33 12 30 12 26 13 21 15 17 17 14 20 12 22 10 23 8 23 5 22 1 20
3 19 3 18 4 16 6 15 8 15 11 16 14 18 17 21 21 23 26 24 30 24 33 23 35 21 36 18 36 15 35 13 33 12 30 12 26 13 21 15 17 17 14 20 12 22 10 23 8 23 5 22 2 20
3 19 3 18 4 16 6 15 8 15 11 16 14 18 17 21 21 23 26 24 30 24 33 23 35 21 36 18 36 15 35 13 33 12 30 12 26 13 21 15 17 17 14 20 12 22 10 23 8 23 5 22 3 20
3 19 3 18 4 16 6 15 8 15 11 16 14 18 17 21 21 23 26 24 30 24 33 23 35 21 36 18 36 15 35 13 33 12 30 12 26 13 21 15 17 17 14 20 12 22 10 23 8 23 5 22 2 21
3 19 3 18 4 16 6 15 8 15 11 16 14 18 17 21 21 23 26 24 30 24 33 23 35 21 36 18 36 15 35 13 33 12 30 12 26 13 21 15 17 17 14 20 12 22 10 23 8 23 6 22 3 20
3 19 3 18 4 16 6 15 8 15 11 16 14 18 17 21 21 23 26 24 30 24 33 23 35 21 36 18 36 15 35 13 33 12 30 12 26 13 21 15 17 17 14 20 12 22 10 23 8 23 6 22 4 20
3 19 3 18 4 16 6 15 8 15 11 16 14 18 17 21 21 23 26 24 30 24 33 23 35 21 36 18 36 15 35 13 33 12 30 12 26 13 21 15 17 17 14 20 12 22 10 23 8 23 6 22 5 20
3 19 3 18 4 16 6 15 8 15 11 16 14 18 17 21 21 23 26 24 30 24 33 23 35 21 36 18 36 15 35 13 33 12 30 12 26 13 21 15 17 17 14 20 12 22 10 23 8 23 7 22 5 20
3 19 3 18 4 16 6 15 8 15 11 16 14 18 17 21 21 23 26 24 30 24 33 23 35 21 36 18 36 15 35 13 33 12 30 12 26 13 21 15 17 17 14 20 12 22 10 23 9 23 7 22 4 20
3 19 3 18 4 16 6 15 8 15 11 16 14 18 17 21 21 23 26 24 30 24 33 23 35 21 36 18 36 15 35 13 33 12 30 12 26 13 21 15 17 17 14 20 12 22 10 23 9 23 7 22 5 20
3 19 3 18 4 16 6 15 8 15 11 16 14 18 17 21 21 23 26 24 30 24 33 23 35 21 36 18 36 15 35 13 33 12 30 12 26 13 21 15 17 17 14 20 12 22 11 23 9 23 6 22 2 20
3 19 3 18 4 16 6 15 8 15 11 16 14 18 17 21 21 23 26 24 30 24 33 23 35 21 36 18 36 15 35 13 33 12 30 12 26 13 21 15 17 17 14 20 12 22 11 23 9 23 6 22 3 20
3 19 3 18 4 16 6 15 8 15 11 16 14 18 17 21 21 23 26 24 30 24 33 23 35 21 36 18 36 15 35 13 33 12 30 12 26 13 21 15 17 17 14 20 12 22 11 23 9 23 6 22 4 20
3 19 3 18 4 16 6 15 8 15 11 16 14 18 17 21 21 23 26 24 30 24 33 23 35 21 36 18 36 15 35 13 33 12 30 12 26 13 21 15 17 17 14 20 12 22 11 23 9 23 6 22 2 21
3 19 3 18 4 16 6 15 8 15 11 16 14 18 17 21 21 23 26 24 30 24 33 23 35 21 36 18 36 15 35 13 33 12 30 12 26 13 21 15 17 18 14 21 10 23 7 24 5 24 3 23 2 21
3 19 3 18 4 16 6 15 8 15 11 16 14 18 17 21 21 23 26 24 30 24 33 23 35 21 36 18 36 15 35 13 33 12 30 12 26 13 21 15 17 18 14 21 10 23 7 24 5 24 4 23 2 21
3 19 3 18 4 16 6 15 8 15 11 16 14 18 17 21 21 23 26 24 30 24 33 23 35 21 36 18 36 15 35 13 33 12 30 12 26 13 21 15 17 18 14 21 11 23 8 24 6 24 4 23 2 21
3 19 3 18 4 16 6 15 8 15 11 16 14 18 17 21 21 23 26 24 30 24 33 23 35 21 36 18 36 15 35 13 33 12 30 12 26 13 21 15 17 18 14 21 11 23 9 24 7 24 4 23 2 21
3 19 3 18 4 16 6 15 8 15 11 16 14 18 17 21 21 23 26 24 30 24 33 23 35 21 36 18 36 15 35 13 33 12 30 12 26 13 21 15 17 18 14 21 11 23 9 24 7 24 5 23 2 21
3 19 3 18 4 16 6 15 8 15 11 16 14 18 17 21 21 23 26 24 30 24 33 23 35 21 36 18 36 15 35 13 33 12 30 12 26 13 21 15 17 18 14 21 12 23 10 24 8 24 5 23 2 21
3 19 3 18 4 16 6 15 8 15 11 16 14 18 17 21 21 23 26 24 30 24 33 23 35 21 36 18 36 15 35 13 33 12 30 12 26 13 21 15 17 18 14 21 12 23 11 24 9 24 6 23 2 21
3 19 3 18 4 16 6 15 8 15 11 16 14 18 17 21 21 23 26 24 30 24 33 23 35 21 36 18 36 15 35 13 33 12 30 12 26 13 22 15 18 17 15 20 12 22 8 23 5 23 3 22 1 20
3 19 3 18 4 16 6 15 8 15 11 16 14 18 17 21 21 23 26 24 30 24 33 23 35 21 36 18 36 15 35 13 33 12 30 12 26 13 22 15 18 17 15 20 12 22 8 23 5 23 3 22 2 20
3 19 3 18 4 16 6 15 8 15 11 16 14 18 17 21 21 23 26 24 30 24 33 23 35 21 36 18 36 15 35 13 33 12 30 12 26 13 22 15 18 17 15 20 12 22 8 23 5 23 3 22 2 21
3 19 3 18 4 16 6 15 8 15 11 16 14 18 17 21 21 23 26 24 30 24 33 23 35 21 36 18 36 15 35 13 33 12 30 12 26 13 22 15 18 17 15 20 13 22 11 23 8 23 4 22 1 20
3 19 3 18 4 16 6 15 8 15 11 16 14 18 17 21 21 23 26 24 30 24 33 23 35 21 36 18 36 15 35 13 33 12 30 12 26 13 22 15 18 17 15 20 13 22 12 23 10 23 7 22 3 20
3 19 3 18 4 16 6 15 8 15 11 16 14 18 17 21 21 23 26 24 30 24 33 23 35 21 36 18 36 15 35 13 33 12 30 12 26 13 22 15 18 17 15 20 13 22 12 23 10 23 7 22 4 20
3 19 3 18 4 16 6 15 8 15 11 16 14 18 17 21 21 23 26 24 30 24 33 23 35 21 36 18 36 15 35 13 33 12 30 12 26 13 22 15 18 17 15 20 13 22 12 23 10 23 7 22 5 20
3 19 3 18 4 16 6 15 8 15 11 16 14 18 17 21 21 23 26 24 30 24 33 23 35 21 36 18 36 15 35 13 33 12 30 12 26 13 22 15 19 17 16 20 14 22 12 23 9 23 5 22 1 20
3 19 3 18 4 16 6 15 8 15 11 16 14 18 17 21 21 23 26 24 30 24 33 23 35 21 36 18 36 15 35 13 33 12 30 12 26 13 22 15 19 17 16 20 14 22 12 23 9 23 5 22 2 20
3 19 3 18 4 16 6 15 8 15 11 16 14 18 17 21 21 23 26 24 30 24 33 23 35 21 36 18 36 15 35 13 33 12 30 12 26 13 22 15 19 17 16 20 14 22 12 23 9 23 5 22 2 21
3 19 3 18 4 16 6 15 8 15 11 16 14 18 17 21 21 23 26 24 30 24 33 23 35 21 36 18 36 15 35 13 33 12 30 12 26 13 22 15 19 17 16 20 14 22 13 23 11 23 8 22 4 20
3 19 3 18 4 16 6 15 8 15 11 16 14 18 17 21 21 23 26 24 30 24 33 23 35 21 36 18 36 15 35 13 33 12 30 12 26 13 22 15 19 17 17 20 15 22 13 23 10 23 6 22 1 20
3 19 3 18 4 16 6 15 8 15 11 16 14 18 17 21 21 23 26 24 30 24 33 23 35 21 36 18 36 15 35 13 33 12 30 12 26 13 22 15 19 17 17 20 15 22 13 23 10 23 6 22 2 20
3 19 3 18 4 16 6 15 8 15 11 16 14 18 17 21 21 23 26 24 30 24 33 23 35 21 36 18 36 15 35 13 33 12 30 12 26 13 22 15 19 17 17 20 15 22 13 23 10 23 6 22 3 20
3 19 3 18 4 16 6 15 8 15 11 16 14 18 17 21 21 23 26 24 30 24 33 23 35 21 36 18 36 15 35 13 33 12 30 12 26 13 22 15 19 17 17 20 15 22 13 23 10 23 6 22 2 21
3 19 3 18 4 16 6 15 8 15 11 16 14 18 17 21 21 23 26 24 30 24 33 23 35 21 36 18 36 15 35 13 33 12 30 12 26 13 22 15 19 17 17 20 16 22 14 23 11 23 7 22 2 20
3 19 3 18 4 16 6 15 8 15 11 16 14 18 17 21 21 23 26 24 30 24 33 23 35 21 36 18 36 15 35 13 33 12 30 12 26 13 22 15 19 17 17 20 16 22 14 23 11 23 7 22 3 20
3 19 3 18 4 16 6 15 8 15 11 16 14 18 17 21 21 23 26 24 30 24 33 23 35 21 36 18 36 15 35 13 33 12 30 12 26 13 22 15 19 17 17 20 16 22 14 23 11 23 7 22 4 20
3 19 3 18 4 16 6 15 8 15 11 16 14 18 17 21 21 23 26 24 30 24 33 23 35 21 36 18 36 15 35 13 33 12 30 12 26 13 22 15 19 17 17 20 16 22 14 23 11 23 7 22 2 21
3 19 3 18 4 16 6 15 8 15 11 16 14 18 17 21 21 23 26 24 30 24 33 23 35 21 36 18 36 15 35 13 33 12 30 12 26 13 22 15 19 18 16 21 14 23 12 24 9 24 5 23 2 21
3 19 3 18 4 16 6 15 8 15 11 16 14 18 17 21 21 23 26 24 30 24 33 23 35 21 36 18 36 15 35 13 33 12 30 12 26 13 22 15 19 18 17 21 15 23 13 24 10 24 6 23 2 21
3 19 3 18 4 16 6 15 8 15 11 16 14 18 17 21 21 23 26 24 30 24 33 23 35 21 36 18 36 15 35 13 33 12 30 12 26 13 22 15 19 18 17 21 16 23 14 24 11 24 7 23 2 21
3 19 3 18 4 16 6 15 8 15 11 16 14 18 18 21 23 23 27 24 30 24 32 23 34 21 35 18 35 15 34 13 32 12 29 12 25 13 22 15 20 17 19 20 17 22 14 23 10 23 5 22 1 20
3 19 3 18 4 16 6 15 8 15 11 16 15 18 19 21 24 23 28 24 31 24 33 23 34 21 34 18 33 15 31 13 28 12 25 12 23 13 22 15 21 18 20 21 18 23 15 24 11 24 6 23 2 21
3 19 3 18 4 16 6 15 8 15 11 16 15 18 19 21 24 23 28 24 31 24 33 23 34 21 34 18 33 15 31 13 28 12 25 12 23 13 22 15 22 18 21 21 19 23 16 24 12 24 7 23 2 21
3 19 3 18 4 16 6 15 8 15 11 16 14 18 17 21 21 23 26 24 30 24 33 23 35 21 36 18 36 15 35 13 33 12 30 12 26 13 22 14 18 16 15 19 13 21 12 22 10 22 7 22 4 21 1 19
3 19 3 18 4 16 6 15 8 15 11 16 14 18 17 21 21 23 26 24 30 24 33 23 35 21 36 18 36 15 35 13 33 12 30 12 26 13 22 14 18 16 15 19 13 21 12 22 10 22 7 22 4 21 2 19
3 19 3 18 4 16 6 15 8 15 11 16 14 18 17 21 21 23 26 24 30 24 33 23 35 21 36 18 36 15 35 13 33 12 30 12 26 13 22 14 18 16 15 19 13 21 12 22 10 22 7 22 4 21 1 20
3 19 3 18 4 16 6 15 8 15 11 16 14 18 17 21 21 23 26 24 30 24 33 23 35 21 36 18 36 15 35 13 33 12 30 12 26 13 22 14 18 16 15 19 13 21 12 22 10 22 7 22 4 21 2 20
3 19 3 18 4 16 6 15 8 15 11 16 14 18 17 21 21 23 26 24 30 24 33 23 35 21 36 18 36 15 35 13 33 12 30 12 26 13 22 14 18 16 15 19 13 21 12 22 10 22 7 22 4 21 1 21
3 19 3 18 4 16 6 15 8 15 11 16 14 18 17 21 21 23 26 24 30 24 33 23 35 21 36 18 36 15 35 13 33 12 30 12 26 13 22 14 18 16 15 19 13 21 12 22 10 22 7 22 4 21 2 21
3 19 3 18 4 16 6 15 8 15 11 16 14 18 17 21 21 23 26 24 30 24 33 23 35 21 36 18 36 15 35 13 33 12 30 12 26 13 22 14 18 16 15 19 13 21 12 22 10 22 7 22 5 21 2 19
3 19 3 18 4 16 6 15 8 15 11 16 14 18 17 21 21 23 26 24 30 24 33 23 35 21 36 18 36 15 35 13 33 12 30 12 26 13 22 14 18 16 15 19 13 21 12 22 10 22 7 22 5 21 3 19
3 19 3 18 4 16 6 15 8 15 11 16 14 18 17 21 21 23 26 24 30 24 33 23 35 21 36 18 36 15 35 13 33 12 30 12 26 13 22 14 18 16 15 19 13 21 12 22 10 22 7 22 5 21 4 19
3 19 3 18 4 16 6 15 8 15 11 16 14 18 17 21 21 23 26 24 30 24 33 23 35 21 36 18 36 15 35 13 33 12 30 12 26 13 22 14 18 16 15 19 13 21 12 22 10 22 7 22 5 21 2 20
3 19 3 18 4 16 6 15 8 15 11 16 14 18 17 21 21 23 26 24 30 24 33 23 35 21 36 18 36 15 35 13 33 12 30 12 26 13 22 14 18 16 15 19 13 21 12 22 10 22 7 22 5 21 3 20
3 19 3 18 4 16 6 15 8 15 11 16 14 18 17 21 21 23 26 24 30 24 33 23 35 21 36 18 36 15 35 13 33 12 30 12 26 13 22 14 18 16 15 19 13 21 12 22 10 22 7 22 5 21 4 20
3 19 3 18 4 16 6 15 8 15 11 16 14 18 17 21 21 23 26 24 30 24 33 23 35 21 36 18 36 15 35 13 33 12 30 12 26 13 22 14 18 16 15 19 13 21 12 22 10 22 7 22 5 21 2 21
3 19 3 18 4 16 6 15 8 15 11 16 14 18 17 21 21 23 26 24 30 24 33 23 35 21 36 18 36 15 35 13 33 12 30 12 26 13 22 14 18 16 15 19 13 21 12 22 10 22 7 22 4 22 2 21
3 19 3 18 4 16 6 15 8 15 11 16 14 18 17 21 21 23 26 24 30 24 33 23 35 21 36 18 36 15 35 13 33 12 30 12 26 13 22 14 18 16 15 19 13 21 12 22 10 22 7 22 5 22 2 21
3 19 3 18 4 16 6 15 8 15 11 16 14 18 17 21 21 23 26 24 30 24 33 23 35 21 36 18 36 15 35 13 33 12 30 12 26 13 22 14 18 16 15 19 13 21 12 22 10 22 8 22 6 21 3 19
3 19 3 18 4 16 6 15 8 15 11 16 14 18 17 21 21 23 26 24 30 24 33 23 35 21 36 18 36 15 35 13 33 12 30 12 26 13 22 14 18 16 15 19 13 21 12 22 10 22 8 22 6 21 4 19
3 19 3 18 4 16 6 15 8 15 11 16 14 18 17 21 21 23 26 24 30 24 33 23 35 21 36 18 36 15 35 13 33 12 30 12 26 13 22 14 18 16 15 19 13 21 12 22 10 22 8 22 6 21 5 19
3 19 3 18 4 16 6 15 8 15 11 16 14 18 17 21 21 23 26 24 30 24 33 23 35 21 36 18 36 15 35 13 33 12 30 12 26 13 22 14 18 16 15 19 13 21 12 22 10 22 8 22 6 21 3 20
3 19 3 18 4 16 6 15 8 15 11 16 14 18 17 21 21 23 26 24 30 24 33 23 35 21 36 18 36 15 35 13 33 12 30 12 26 13 22 14 18 16 15 19 13 21 12 22 10 22 8 22 6 21 4 20