100
3 37 4 37 6 38 9 39 13 39 18 38 24 36 29 33 33 29 36 24 38 18 39 11 39 3
3 37 4 37 6 38 9 39 13 39 18 38 24 36 29 33 33 29 36 24 38 18 39 11 39 4
3 37 4 37 6 38 9 39 13 39 18 38 24 36 29 33 33 29 36 24 38 18 39 11 39 5
3 37 4 37 6 38 9 39 13 39 18 38 24 36 29 33 33 29 36 24 38 18 39 12 39 5
3 37 4 37 6 38 9 39 13 39 18 38 24 36 29 33 33 29 36 24 38 18 39 12 39 6
3 37 4 37 6 38 9 39 13 39 18 38 24 36 29 33 33 29 36 24 38 18 39 12 39 7
3 37 4 37 6 38 9 39 13 39 18 38 24 36 29 33 33 29 36 24 38 18 39 13 39 7
3 37 4 37 6 38 9 39 13 39 18 38 24 36 29 33 33 29 36 24 38 19 39 13 39 6
3 37 4 37 6 38 9 39 13 39 18 38 24 36 29 33 33 29 36 24 38 19 39 13 39 7
3 37 4 37 6 38 9 39 13 39 18 38 24 36 29 33 33 29 36 25 38 20 39 14 39 7
3 37 4 36 6 36 9 37 12 38 16 38 21 37 26 35 30 32 33 28 35 23 36 17 36 10 35 2
3 37 4 36 6 36 9 37 12 38 16 38 21 37 26 35 30 32 33 28 35 23 36 17 36 10 36 2
3 37 4 36 6 36 9 37 12 38 16 38 21 37 26 35 30 32 33 28 35 23 36 17 36 10 37 2
3 37 4 36 6 36 9 37 12 38 16 38 21 37 26 35 30 32 33 28 35 23 36 17 36 10 35 3
3 37 4 36 6 36 9 37 12 38 16 38 21 37 26 35 30 32 33 28 35 23 36 17 36 10 36 3
3 37 4 36 6 36 9 37 12 38 16 38 21 37 26 35 30 32 33 28 35 23 36 17 36 10 37 3
3 37 4 36 6 36 9 37 12 38 16 38 21 37 26 35 30 32 33 28 35 23 36 17 36 10 35 4
3 37 4 36 6 36 9 37 12 38 16 38 21 37 26 35 30 32 33 28 35 23 36 17 36 10 36 4
3 37 4 36 6 36 9 37 12 38 16 38 21 37 26 35 30 32 33 28 35 23 36 17 36 10 37 4
3 37 4 36 6 36 9 37 12 38 16 38 21 37 26 35 30 32 33 28 35 23 36 17 37 10 37 2
3 37 4 36 6 36 9 37 12 38 16 38 21 37 26 35 30 32 33 28 35 23 36 17 37 10 38 2
3 37 4 36 6 36 9 37 12 38 16 38 21 37 26 35 30 32 33 28 35 23 36 17 37 10 39 2
3 37 4 36 6 36 9 37 12 38 16 38 21 37 26 35 30 32 33 28 35 23 36 17 37 10 37 3
3 37 4 36 6 36 9 37 12 38 16 38 21 37 26 35 30 32 33 28 35 23 36 17 37 10 38 3
3 37 4 36 6 36 9 37 12 38 16 38 21 37 26 35 30 32 33 28 35 23 36 17 37 10 39 3
3 37 4 36 6 36 9 37 12 38 16 38 21 37 26 35 30 32 33 28 35 23 36 17 37 10 37 4
3 37 4 36 6 36 9 37 12 38 16 38 21 37 26 35 30 32 33 28 35 23 36 17 37 10 38 4
3 37 4 36 6 36 9 37 12 38 16 38 21 37 26 35 30 32 33 28 35 23 36 17 37 10 39 4
3 37 4 36 6 36 9 37 12 38 16 38 21 37 26 35 30 32 33 28 35 23 36 17 38 10 39 2
3 37 4 36 6 36 9 37 12 38 16 38 21 37 26 35 30 32 33 28 35 23 36 17 38 10 39 3
3 37 4 36 6 36 9 37 12 38 16 38 21 37 26 35 30 32 33 28 35 23 36 17 38 10 39 4
3 37 4 36 6 36 9 37 12 38 16 38 21 37 26 35 30 32 33 28 35 23 36 17 36 11 35 4
3 37 4 36 6 36 9 37 12 38 16 38 21 37 26 35 30 32 33 28 35 23 36 17 36 11 36 4
3 37 4 36 6 36 9 37 12 38 16 38 21 37 26 35 30 32 33 28 35 23 36 17 36 11 37 4
3 37 4 36 6 36 9 37 12 38 16 38 21 37 26 35 30 32 33 28 35 23 36 17 36 11 35 5
3 37 4 36 6 36 9 37 12 38 16 38 21 37 26 35 30 32 33 28 35 23 36 17 36 11 36 5
3 37 4 36 6 36 9 37 12 38 16 38 21 37 26 35 30 32 33 28 35 23 36 17 36 11 37 5
3 37 4 36 6 36 9 37 12 38 16 38 21 37 26 35 30 32 33 28 35 23 36 17 36 11 35 6
3 37 4 36 6 36 9 37 12 38 16 38 21 37 26 35 30 32 33 28 35 23 36 17 36 11 36 6
3 37 4 36 6 36 9 37 12 38 16 38 21 37 26 35 30 32 33 28 35 23 36 17 36 11 37 6
3 37 4 36 6 36 9 37 12 38 16 38 21 37 26 35 30 32 33 28 35 23 36 17 37 11 37 4
3 37 4 36 6 36 9 37 12 38 16 38 21 37 26 35 30 32 33 28 35 23 36 17 37 11 38 4
3 37 4 36 6 36 9 37 12 38 16 38 21 37 26 35 30 32 33 28 35 23 36 17 37 11 39 4
3 37 4 36 6 36 9 37 12 38 16 38 21 37 26 35 30 32 33 28 35 23 36 17 37 11 37 5
3 37 4 36 6 36 9 37 12 38 16 38 21 37 26 35 30 32 33 28 35 23 36 17 37 11 38 5
3 37 4 36 6 36 9 37 12 38 16 38 21 37 26 35 30 32 33 28 35 23 36 17 37 11 39 5
3 37 4 36 6 36 9 37 12 38 16 38 21 37 26 35 30 32 33 28 35 23 36 17 37 11 37 6
3 37 4 36 6 36 9 37 12 38 16 38 21 37 26 35 30 32 33 28 35 23 36 17 37 11 38 6
3 37 4 36 6 36 9 37 12 38 16 38 21 37 26 35 30 32 33 28 35 23 36 17 37 11 39 6
3 37 4 36 6 36 9 37 12 38 16 38 21 37 26 35 30 32 33 28 35 23 36 17 38 11 39 4
3 37 4 36 6 36 9 37 12 38 16 38 21 37 26 35 30 32 33 28 35 23 36 17 38 11 39 5
3 37 4 36 6 36 9 37 12 38 16 38 21 37 26 35 30 32 33 28 35 23 36 17 38 11 39 6
3 37 4 36 6 36 9 37 12 38 16 38 21 37 26 35 30 32 33 28 35 23 36 17 36 12 35 6
3 37 4 36 6 36 9 37 12 38 16 38 21 37 26 35 30 32 33 28 35 23 36 17 36 12 36 6
3 37 4 36 6 36 9 37 12 38 16 38 21 37 26 35 30 32 33 28 35 23 36 17 36 12 37 6
3 37 4 36 6 36 9 37 12 38 16 38 21 37 26 35 30 32 33 28 35 23 36 17 36 12 35 7
3 37 4 36 6 36 9 37 12 38 16 38 21 37 26 35 30 32 33 28 35 23 36 17 36 12 36 7
3 37 4 36 6 36 9 37 12 38 16 38 21 37 26 35 30 32 33 28 35 23 36 17 36 12 37 7
3 37 4 36 6 36 9 37 12 38 16 38 21 37 26 35 30 32 33 28 35 23 36 17 37 12 37 6
3 37 4 36 6 36 9 37 12 38 16 38 21 37 26 35 30 32 33 28 35 23 36 17 37 12 38 6
3 37 4 36 6 36 9 37 12 38 16 38 21 37 26 35 30 32 33 28 35 23 36 17 37 12 39 6
3 37 4 36 6 36 9 37 12 38 16 38 21 37 26 35 30 32 33 28 35 23 36 17 37 12 37 7
3 37 4 36 6 36 9 37 12 38 16 38 21 37 26 35 30 32 33 28 35 23 36 17 37 12 38 7
3 37 4 38 6 38 9 38 13 38 18 38 24 37 29 35 33 32 36 28 38 23 39 18 39 13 38 7
3 37 4 36 6 36 9 37 12 38 16 38 21 37 26 35 30 32 33 28 35 23 36 17 38 12 39 6
3 37 4 36 6 36 9 37 12 38 16 38 21 37 26 35 30 32 33 28 35 23 36 17 38 12 39 7
3 37 4 36 6 36 9 37 12 38 16 38 21 37 26 35 30 32 33 28 35 23 37 17 38 10 38 2
3 37 4 36 6 36 9 37 12 38 16 38 21 37 26 35 30 32 33 28 35 23 37 17 38 10 39 2
3 37 4 36 6 36 9 37 12 38 16 38 21 37 26 35 30 32 33 28 35 23 37 17 38 10 38 3
3 37 4 36 6 36 9 37 12 38 16 38 21 37 26 35 30 32 33 28 35 23 37 17 38 10 39 3
3 37 4 36 6 36 9 37 12 38 16 38 21 37 26 35 30 32 33 28 35 23 37 17 38 10 38 4
3 37 4 36 6 36 9 37 12 38 16 38 21 37 26 35 30 32 33 28 35 23 37 17 38 10 39 4
3 37 4 36 6 36 9 37 12 38 16 38 21 37 26 35 30 32 33 28 35 23 37 17 38 11 38 4
3 37 4 36 6 36 9 37 12 38 16 38 21 37 26 35 30 32 33 28 35 23 37 17 38 11 39 4
3 37 4 36 6 36 9 37 12 38 16 38 21 37 26 35 30 32 33 28 35 23 37 17 38 11 38 5
3 37 4 36 6 36 9 37 12 38 16 38 21 37 26 35 30 32 33 28 35 23 37 17 38 11 39 5
3 37 4 36 6 36 9 37 12 38 16 38 21 37 26 35 30 32 33 28 35 23 37 17 38 11 38 6
3 37 4 36 6 36 9 37 12 38 16 38 21 37 26 35 30 32 33 28 35 23 37 17 38 11 39 6
3 37 4 36 6 36 9 37 12 38 16 38 21 37 26 35 30 32 33 28 35 23 37 17 38 12 38 6
3 37 4 36 6 36 9 37 12 38 16 38 21 37 26 35 30 32 33 28 35 23 37 17 38 12 39 6
3 37 4 36 6 36 9 37 12 38 16 38 21 37 26 35 30 32 33 28 35 23 37 17 38 12 38 7
3 37 4 36 6 36 9 37 12 38 16 38 21 37 26 35 30 32 33 28 35 23 37 17 38 12 39 7
3 37 4 36 6 36 9 37 12 38 16 38 21 37 26 35 30 32 33 28 35 23 36 18 36 12 35 5
3 37 4 36 6 36 9 37 12 38 16 38 21 37 26 35 30 32 33 28 35 23 36 18 36 12 36 5
3 37 4 36 6 36 9 37 12 38 16 38 21 37 26 35 30 32 33 28 35 23 36 18 36 12 37 5
3 37 4 36 6 36 9 37 12 38 16 38 21 37 26 35 30 32 33 28 35 23 36 18 36 12 35 6
3 37 4 36 6 36 9 37 12 38 16 38 21 37 26 35 30 32 33 28 35 23 36 18 36 12 36 6
3 37 4 36 6 36 9 37 12 38 16 38 21 37 26 35 30 32 33 28 35 23 36 18 36 12 37 6
3 37 4 36 6 36 9 37 12 38 16 38 21 37 26 35 30 32 33 28 35 23 36 18 36 12 35 7
3 37 4 36 6 36 9 37 12 38 16 38 21 37 26 35 30 32 33 28 35 23 36 18 36 12 36 7
3 37 4 36 6 36 9 37 12 38 16 38 21 37 26 35 30 32 33 28 35 23 36 18 36 12 37 7
3 37 4 36 6 36 9 37 12 38 16 38 21 37 26 35 30 32 33 28 35 23 36 18 37 12 37 5
3 37 4 36 6 36 9 37 12 38 16 38 21 37 26 35 30 32 33 28 35 23 36 18 37 12 38 5
3 37 4 36 6 36 9 37 12 38 16 38 21 37 26 35 30 32 33 28 35 23 36 18 37 12 39 5
3 37 4 36 6 36 9 37 12 38 16 38 21 37 26 35 30 32 33 28 35 23 36 18 37 12 37 6
3 37 4 36 6 36 9 37 12 38 16 38 21 37 26 35 30 32 33 28 35 23 36 18 37 12 38 6
3 37 4 36 6 36 9 37 12 38 16 38 21 37 26 35 30 32 33 28 35 23 36 18 37 12 39 6
3 37 4 36 6 36 9 37 12 38 16 38 21 37 26 35 30 32 33 28 35 23 36 18 37 12 37 7
3 37 4 36 6 36 9 37 12 38 16 38 21 37 26 35 30 32 33 28 35 23 36 18 37 12 38 7
3 37 4 36 6 36 9 37 12 38 16 38 21 37 26 35 30 32 33 28 35 23 36 18 37 12 39 7